<?xml version="1.0" encoding="utf-8"?>
<COLLADA xmlns="http://www.collada.org/2005/11/COLLADASchema" version="1.4.1">
  <asset>
    <contributor>
      <author>Mixamo</author>
      <authoring_tool>COLLADA Mixamo exporter</authoring_tool>
      <comments/>
    </contributor>
    <created>2022-12-13T12:13:10Z</created>
    <modified>2022-12-13T12:13:10Z</modified>
    <revision/>
    <title/>
    <unit meter="0.010000"/>
    <up_axis>Y_UP</up_axis>
  </asset>
  <library_animations>
    <animation id="mixamorig_Hips-anim" name="mixamorig_Hips">
      <source id="mixamorig_Hips-Matrix-animation-input">
        <float_array id="mixamorig_Hips-Matrix-animation-input-array" count="55">

0.000000 0.033333 0.066667 0.100000 0.133333 0.166667 0.200000 0.233333 0.266667 0.300000 0.333333 0.366667 0.400000 0.433333 0.466667 0.500000
0.533333 0.566667 0.600000 0.633333 0.666667 0.700000 0.733333 0.766667 0.800000 0.833333 0.866667 0.900000 0.933333 0.966667 1.000000 1.033333
1.066667 1.100000 1.133333 1.166667 1.200000 1.233333 1.266667 1.300000 1.333333 1.366667 1.400000 1.433333 1.466667 1.500000 1.533333 1.566667
1.600000 1.633333 1.666667 1.700000 1.733333 1.766667 1.800000</float_array>
        <technique_common>
          <accessor source="#mixamorig_Hips-Matrix-animation-input-array" count="55">
            <param name="TIME" type="float"/>
          </accessor>
        </technique_common>
      </source>
      <source id="mixamorig_Hips-Matrix-animation-output-transform">
        <float_array id="mixamorig_Hips-Matrix-animation-output-transform-array" count="880">

0.970393 0.007117 0.241428 -9.213963 0.183803 0.626725 -0.757253 41.144199 -0.156699 0.779208 0.606861 -10.441303 0.000000 0.000000 0.000000 1.000000
0.977995 0.004410 0.208582 -8.712862 0.159862 0.626556 -0.762805 41.355782 -0.134052 0.779364 0.612063 -9.922340 0.000000 0.000000 0.000000 1.000000
0.984411 0.000704 0.175883 -8.121595 0.137435 0.620959 -0.771701 41.618065 -0.109759 0.783843 0.611182 -9.384817 0.000000 0.000000 0.000000 1.000000
0.990313 -0.000674 0.138854 -7.390017 0.110276 0.611502 -0.783521 41.896603 -0.084382 0.791243 0.605652 -8.876149 0.000000 0.000000 0.000000 1.000000
0.995195 0.000928 0.097911 -6.513874 0.077929 0.597916 -0.797762 42.147739 -0.059283 0.801558 0.594971 -8.497755 0.000000 0.000000 0.000000 1.000000
0.998051 0.001400 0.062385 -5.564600 0.050123 0.577537 -0.814824 42.344738 -0.037170 0.816363 0.576341 -8.319378 0.000000 0.000000 0.000000 1.000000
0.999208 -0.002978 0.039692 -4.623485 0.034817 0.548679 -0.835308 42.484039 -0.019291 0.836028 0.548348 -8.301901 0.000000 0.000000 0.000000 1.000000
0.999697 -0.009276 0.022798 -3.708013 0.024324 0.513781 -0.857577 42.552944 -0.003758 0.857871 0.513851 -8.377869 0.000000 0.000000 0.000000 1.000000
0.999934 -0.011255 -0.002202 -2.802167 0.003451 0.478398 -0.878136 42.551620 0.010937 0.878071 0.478405 -8.549095 0.000000 0.000000 0.000000 1.000000
0.999202 -0.008466 -0.039030 -1.904391 -0.031112 0.447759 -0.893613 42.588577 0.025041 0.894114 0.447138 -8.811804 0.000000 0.000000 0.000000 1.000000
0.996932 -0.006540 -0.077995 -0.986452 -0.067846 0.424665 -0.902805 42.843845 0.039026 0.905327 0.422919 -9.045963 0.000000 0.000000 0.000000 1.000000
0.994372 -0.008747 -0.105584 0.020023 -0.092753 0.409735 -0.907477 43.375721 0.051199 0.912162 0.406618 -9.101099 0.000000 0.000000 0.000000 1.000000
0.993340 -0.012403 -0.114547 1.136840 -0.099973 0.401413 -0.910425 44.033005 0.057272 0.915813 0.397500 -8.986264 0.000000 0.000000 0.000000 1.000000
0.994015 -0.013531 -0.108398 2.272959 -0.094205 0.396209 -0.913315 44.603870 0.055307 0.918061 0.392563 -8.889698 0.000000 0.000000 0.000000 1.000000
0.995112 -0.011242 -0.098106 3.290091 -0.085892 0.391634 -0.916103 45.000519 0.048721 0.920052 0.388755 -8.987001 0.000000 0.000000 0.000000 1.000000
0.995544 -0.005956 -0.094113 4.130453 -0.084404 0.388798 -0.917449 45.255630 0.042056 0.921304 0.386562 -9.284578 0.000000 0.000000 0.000000 1.000000
0.995011 0.001795 -0.099752 4.836551 -0.092501 0.391204 -0.915643 45.423767 0.037380 0.920302 0.389418 -9.685965 0.000000 0.000000 0.000000 1.000000
0.993718 0.011274 -0.111346 5.451659 -0.106481 0.401498 -0.909649 45.516426 0.034450 0.915791 0.400176 -10.119677 0.000000 0.000000 0.000000 1.000000
0.992066 0.022620 -0.123667 5.952704 -0.121695 0.419644 -0.899494 45.541462 0.031549 0.907407 0.419068 -10.521925 0.000000 0.000000 0.000000 1.000000
0.990365 0.035969 -0.133732 6.275551 -0.135742 0.443390 -0.885991 45.488396 0.027427 0.895607 0.444000 -10.845570 0.000000 0.000000 0.000000 1.000000
0.988886 0.050065 -0.139996 6.393023 -0.147022 0.469440 -0.870638 45.299847 0.022131 0.881544 0.471584 -11.069377 0.000000 0.000000 0.000000 1.000000
0.987960 0.063594 -0.141033 6.368815 -0.153940 0.494816 -0.855254 44.951702 0.015396 0.866668 0.498648 -11.151669 0.000000 0.000000 0.000000 1.000000
0.987823 0.075801 -0.135867 6.296179 -0.155434 0.518774 -0.840662 44.473518 0.006761 0.851544 0.524239 -11.077047 0.000000 0.000000 0.000000 1.000000
0.988269 0.087248 -0.125350 6.218305 -0.152669 0.542351 -0.826164 43.995762 -0.004098 0.835610 0.549308 -10.847336 0.000000 0.000000 0.000000 1.000000
0.989047 0.097309 -0.110978 6.128425 -0.146710 0.565790 -0.811393 43.616238 -0.016166 0.818787 0.573869 -10.495150 0.000000 0.000000 0.000000 1.000000
0.990214 0.103056 -0.094106 6.052922 -0.136935 0.587376 -0.797645 43.273750 -0.026926 0.802726 0.595740 -10.097130 0.000000 0.000000 0.000000 1.000000
0.991793 0.102601 -0.076292 6.014378 -0.123077 0.604493 -0.787045 42.851082 -0.034633 0.789975 0.612160 -9.694040 0.000000 0.000000 0.000000 1.000000
0.993537 0.097485 -0.058142 5.894589 -0.106063 0.614895 -0.781444 42.291832 -0.040428 0.782561 0.621260 -9.288572 0.000000 0.000000 0.000000 1.000000
0.995131 0.090775 -0.038402 5.529160 -0.086510 0.617713 -0.781631 41.633228 -0.047231 0.781147 0.622558 -8.891910 0.000000 0.000000 0.000000 1.000000
0.996317 0.084111 -0.016693 4.914086 -0.065017 0.614040 -0.786592 41.004280 -0.055911 0.784780 0.617247 -8.537728 0.000000 0.000000 0.000000 1.000000
0.996965 0.077783 0.003256 4.172602 -0.044655 0.605610 -0.794507 40.511646 -0.063771 0.791951 0.607246 -8.283857 0.000000 0.000000 0.000000 1.000000
0.997171 0.073592 0.015330 3.380995 -0.031349 0.592474 -0.804980 40.216270 -0.068323 0.802221 0.593104 -8.192724 0.000000 0.000000 0.000000 1.000000
0.997113 0.073401 0.019450 2.525090 -0.026211 0.573099 -0.819067 40.159084 -0.071267 0.816192 0.573368 -8.299013 0.000000 0.000000 0.000000 1.000000
0.996841 0.075186 0.025610 1.599016 -0.019760 0.547035 -0.836877 40.363880 -0.076931 0.833727 0.546792 -8.597698 0.000000 0.000000 0.000000 1.000000
0.996176 0.075325 0.044259 0.659620 -0.001016 0.516546 -0.856259 40.832291 -0.087359 0.852940 0.514647 -9.030756 0.000000 0.000000 0.000000 1.000000
0.994443 0.074127 0.074756 -0.243734 0.029539 0.485099 -0.873960 41.509228 -0.101048 0.871312 0.480213 -9.506395 0.000000 0.000000 0.000000 1.000000
0.991460 0.075117 0.106606 -1.143483 0.061029 0.455173 -0.888309 42.249886 -0.115252 0.887229 0.446702 -9.993155 0.000000 0.000000 0.000000 1.000000
0.988428 0.079231 0.129353 -2.113902 0.083461 0.428002 -0.899916 42.878433 -0.126665 0.900298 0.416436 -10.517073 0.000000 0.000000 0.000000 1.000000
0.986725 0.083302 0.139405 -3.167431 0.094411 0.404199 -0.909786 43.296635 -0.132134 0.910870 0.390969 -11.075113 0.000000 0.000000 0.000000 1.000000
0.986543 0.084026 0.140255 -4.229721 0.097774 0.384351 -0.917995 43.530014 -0.131043 0.919355 0.370964 -11.608892 0.000000 0.000000 0.000000 1.000000
0.987030 0.081502 0.138310 -5.229533 0.098979 0.369360 -0.924000 43.675430 -0.126394 0.925706 0.356502 -12.062430 0.000000 0.000000 0.000000 1.000000
0.987279 0.077959 0.138571 -6.165133 0.101839 0.359239 -0.927672 43.835594 -0.122100 0.929984 0.346730 -12.416184 0.000000 0.000000 0.000000 1.000000
0.986812 0.075137 0.143374 -7.055668 0.108203 0.352576 -0.929506 44.043591 -0.120390 0.932762 0.339797 -12.735584 0.000000 0.000000 0.000000 1.000000
0.985455 0.072696 0.153600 -7.883581 0.119018 0.349909 -0.929193 44.264946 -0.121294 0.933959 0.336167 -13.074560 0.000000 0.000000 0.000000 1.000000
0.983120 0.070883 0.168673 -8.615496 0.133039 0.355918 -0.924999 44.423389 -0.125601 0.931825 0.340480 -13.389380 0.000000 0.000000 0.000000 1.000000
0.979751 0.070844 0.187267 -9.237595 0.147981 0.373804 -0.915627 44.451347 -0.134867 0.924798 0.355752 -13.592317 0.000000 0.000000 0.000000 1.000000
0.975282 0.071674 0.209017 -9.733376 0.163858 0.400020 -0.901740 44.324360 -0.148243 0.913699 0.378388 -13.682341 0.000000 0.000000 0.000000 1.000000
0.969816 0.070175 0.233523 -10.081599 0.182006 0.428993 -0.884782 44.043110 -0.162270 0.900578 0.403272 -13.732079 0.000000 0.000000 0.000000 1.000000
0.964155 0.064486 0.257386 -10.296007 0.200295 0.459346 -0.865381 43.633812 -0.174034 0.885914 0.429964 -13.742880 0.000000 0.000000 0.000000 1.000000
0.959793 0.056181 0.275030 -10.413708 0.213069 0.492066 -0.844081 43.175571 -0.182754 0.868743 0.460310 -13.602171 0.000000 0.000000 0.000000 1.000000
0.957821 0.046688 0.283548 -10.445788 0.217730 0.526056 -0.822107 42.731445 -0.187545 0.849168 0.493702 -13.236620 0.000000 0.000000 0.000000 1.000000
0.958304 0.036644 0.283391 -10.367191 0.215515 0.558533 -0.800996 42.319859 -0.187635 0.828673 0.527347 -12.666662 0.000000 0.000000 0.000000 1.000000
0.960874 0.026662 0.275701 -10.143195 0.208184 0.587040 -0.782332 41.923611 -0.182706 0.809119 0.558520 -11.966211 0.000000 0.000000 0.000000 1.000000
0.965092 0.016981 0.261360 -9.757218 0.197103 0.610055 -0.767453 41.529293 -0.172476 0.792177 0.585412 -11.208523 0.000000 0.000000 0.000000 1.000000
0.970393 0.007117 0.241428 -9.213961 0.183803 0.626725 -0.757253 41.144196 -0.156699 0.779208 0.606861 -10.441303 0.000000 0.000000 0.000000 1.000000</float_array>
        <technique_common>
          <accessor source="#mixamorig_Hips-Matrix-animation-output-transform-array" count="55" stride="16">
            <param type="float4x4"/>
          </accessor>
        </technique_common>
      </source>
      <source id="mixamorig_Hips-Interpolations">
        <Name_array id="mixamorig_Hips-Interpolations-array" count="55">
 LINEAR LINEAR LINEAR LINEAR LINEAR LINEAR LINEAR LINEAR LINEAR LINEAR LINEAR
LINEAR LINEAR LINEAR LINEAR LINEAR LINEAR LINEAR LINEAR LINEAR LINEAR LINEAR LINEAR
LINEAR LINEAR LINEAR LINEAR LINEAR LINEAR LINEAR LINEAR LINEAR LINEAR LINEAR LINEAR
LINEAR LINEAR LINEAR LINEAR LINEAR LINEAR LINEAR LINEAR LINEAR LINEAR LINEAR LINEAR
LINEAR LINEAR LINEAR LINEAR LINEAR LINEAR LINEAR LINEAR</Name_array>
        <technique_common>
          <accessor source="#mixamorig_Hips-Interpolations-array" count="55">
            <param type="name"/>
          </accessor>
        </technique_common>
      </source>
      <sampler id="mixamorig_Hips-Matrix-animation-transform">
        <input semantic="INPUT" source="#mixamorig_Hips-Matrix-animation-input"/>
        <input semantic="OUTPUT" source="#mixamorig_Hips-Matrix-animation-output-transform"/>
        <input semantic="INTERPOLATION" source="#mixamorig_Hips-Interpolations"/>
      </sampler>
      <channel source="#mixamorig_Hips-Matrix-animation-transform" target="mixamorig_Hips/matrix"/>
    </animation>
    <animation id="mixamorig_Spine-anim" name="mixamorig_Spine">
      <source id="mixamorig_Spine-Matrix-animation-input">
        <float_array id="mixamorig_Spine-Matrix-animation-input-array" count="55">

0.000000 0.033333 0.066667 0.100000 0.133333 0.166667 0.200000 0.233333 0.266667 0.300000 0.333333 0.366667 0.400000 0.433333 0.466667 0.500000
0.533333 0.566667 0.600000 0.633333 0.666667 0.700000 0.733333 0.766667 0.800000 0.833333 0.866667 0.900000 0.933333 0.966667 1.000000 1.033333
1.066667 1.100000 1.133333 1.166667 1.200000 1.233333 1.266667 1.300000 1.333333 1.366667 1.400000 1.433333 1.466667 1.500000 1.533333 1.566667
1.600000 1.633333 1.666667 1.700000 1.733333 1.766667 1.800000</float_array>
        <technique_common>
          <accessor source="#mixamorig_Spine-Matrix-animation-input-array" count="55">
            <param name="TIME" type="float"/>
          </accessor>
        </technique_common>
      </source>
      <source id="mixamorig_Spine-Matrix-animation-output-transform">
        <float_array id="mixamorig_Spine-Matrix-animation-output-transform-array" count="880">

0.995513 -0.035677 0.087640 -0.038100 0.054593 0.973057 -0.224007 9.490500 -0.077287 0.227787 0.970639 -1.392100 0.000000 0.000000 0.000000 1.000000
0.996278 -0.026607 0.081992 -0.038100 0.045226 0.971083 -0.234420 9.490500 -0.073384 0.237255 0.968672 -1.392100 0.000000 0.000000 0.000000 1.000000
0.996961 -0.018797 0.075606 -0.038100 0.036730 0.969243 -0.243350 9.490500 -0.068706 0.245387 0.966987 -1.392100 0.000000 0.000000 0.000000 1.000000
0.997642 -0.014522 0.067084 -0.038100 0.030997 0.967344 -0.251564 9.490500 -0.061240 0.253051 0.965513 -1.392100 0.000000 0.000000 0.000000 1.000000
0.998559 -0.013225 0.052016 -0.038100 0.026273 0.965555 -0.258871 9.490500 -0.046800 0.259865 0.964510 -1.392100 0.000000 0.000000 0.000000 1.000000
0.999559 -0.011650 0.027300 -0.038100 0.018408 0.964820 -0.262266 9.490500 -0.023284 0.262653 0.964609 -1.392100 0.000000 0.000000 0.000000 1.000000
0.999967 -0.008027 -0.001573 -0.038100 0.007353 0.966443 -0.256778 9.490500 0.003582 0.256757 0.966469 -1.392100 0.000000 0.000000 0.000000 1.000000
0.999744 -0.004136 -0.022246 -0.038100 -0.001332 0.970685 -0.240352 9.490500 0.022588 0.240320 0.970431 -1.392100 0.000000 0.000000 0.000000 1.000000
0.999619 -0.002389 -0.027487 -0.038100 -0.003643 0.976096 -0.217310 9.490500 0.027349 0.217328 0.975716 -1.392100 0.000000 0.000000 0.000000 1.000000
0.999756 -0.001744 -0.022034 -0.038100 -0.002618 0.980520 -0.196402 9.490500 0.021947 0.196412 0.980276 -1.392100 0.000000 0.000000 0.000000 1.000000
0.999878 0.000954 -0.015563 -0.038100 -0.003823 0.982667 -0.185339 9.490500 0.015116 0.185376 0.982551 -1.392100 0.000000 0.000000 0.000000 1.000000
0.999904 0.005110 -0.012910 -0.038100 -0.007422 0.982542 -0.185895 9.490500 0.011735 0.185973 0.982485 -1.392100 0.000000 0.000000 0.000000 1.000000
0.999903 0.005706 -0.012673 -0.038100 -0.008049 0.981101 -0.193330 9.490500 0.011330 0.193414 0.981052 -1.392100 0.000000 0.000000 0.000000 1.000000
0.999933 -0.000559 -0.011576 -0.038100 -0.001770 0.979749 -0.200224 9.490500 0.011454 0.200231 0.979682 -1.392100 0.000000 0.000000 0.000000 1.000000
0.999903 -0.011421 -0.007975 -0.038100 0.009573 0.979301 -0.202184 9.490500 0.010119 0.202088 0.979315 -1.392100 0.000000 0.000000 0.000000 1.000000
0.999736 -0.022909 -0.001926 -0.038100 0.022057 0.979414 -0.200652 9.490500 0.006483 0.200556 0.979661 -1.392100 0.000000 0.000000 0.000000 1.000000
0.999462 -0.032470 0.004641 -0.038100 0.032743 0.979280 -0.199848 9.490500 0.001944 0.199892 0.979816 -1.392100 0.000000 0.000000 0.000000 1.000000
0.999200 -0.039165 0.008110 -0.038100 0.039995 0.978542 -0.202128 9.490500 -0.000019 0.202291 0.979325 -1.392100 0.000000 0.000000 0.000000 1.000000
0.999019 -0.043917 0.005606 -0.038100 0.044126 0.977363 -0.206917 9.490500 0.003608 0.206961 0.978343 -1.392100 0.000000 0.000000 0.000000 1.000000
0.998844 -0.047933 -0.003487 -0.038100 0.046091 0.975954 -0.213047 9.490500 0.013615 0.212640 0.977036 -1.392100 0.000000 0.000000 0.000000 1.000000
0.998504 -0.051466 -0.018484 -0.038100 0.046143 0.974346 -0.220272 9.490500 0.029346 0.219089 0.975263 -1.392100 0.000000 0.000000 0.000000 1.000000
0.997729 -0.055278 -0.038494 -0.038100 0.045086 0.972594 -0.228096 9.490500 0.050048 0.225842 0.972877 -1.392100 0.000000 0.000000 0.000000 1.000000
0.996217 -0.060357 -0.062521 -0.038100 0.044063 0.970941 -0.235229 9.490500 0.074902 0.231584 0.969927 -1.392100 0.000000 0.000000 0.000000 1.000000
0.993936 -0.067700 -0.086649 -0.038100 0.045019 0.969467 -0.241053 9.490500 0.100322 0.235691 0.966636 -1.392100 0.000000 0.000000 0.000000 1.000000
0.991449 -0.076720 -0.105563 -0.038100 0.048720 0.968052 -0.245972 9.490500 0.121061 0.238726 0.963511 -1.392100 0.000000 0.000000 0.000000 1.000000
0.989474 -0.085022 -0.117102 -0.038100 0.053496 0.966789 -0.249914 9.490500 0.134461 0.241019 0.961161 -1.392100 0.000000 0.000000 0.000000 1.000000
0.988244 -0.090569 -0.123169 -0.038100 0.057156 0.966091 -0.251796 9.490500 0.141797 0.241796 0.959911 -1.392100 0.000000 0.000000 0.000000 1.000000
0.987602 -0.092885 -0.126547 -0.038100 0.058807 0.966364 -0.250365 9.490500 0.145546 0.239819 0.959845 -1.392100 0.000000 0.000000 0.000000 1.000000
0.987515 -0.092684 -0.127377 -0.038100 0.059140 0.967579 -0.245547 9.490500 0.146005 0.234948 0.960980 -1.392100 0.000000 0.000000 0.000000 1.000000
0.988303 -0.091142 -0.122268 -0.038100 0.059796 0.969152 -0.239101 9.490500 0.140289 0.228993 0.963266 -1.392100 0.000000 0.000000 0.000000 1.000000
0.990236 -0.089184 -0.107143 -0.038100 0.062182 0.970463 -0.233098 9.490500 0.124767 0.224159 0.966533 -1.392100 0.000000 0.000000 0.000000 1.000000
0.992843 -0.087918 -0.080832 -0.038100 0.067461 0.971348 -0.227887 9.490500 0.098552 0.220803 0.970327 -1.392100 0.000000 0.000000 0.000000 1.000000
0.994931 -0.088270 -0.048174 -0.038100 0.075482 0.972071 -0.222218 9.490500 0.066443 0.217456 0.973806 -1.392100 0.000000 0.000000 0.000000 1.000000
0.995763 -0.089994 -0.018915 -0.038100 0.083845 0.972959 -0.215221 9.490500 0.037772 0.212723 0.976382 -1.392100 0.000000 0.000000 0.000000 1.000000
0.995700 -0.092630 -0.000525 -0.038100 0.090503 0.974014 -0.207618 9.490500 0.019743 0.206677 0.978210 -1.392100 0.000000 0.000000 0.000000 1.000000
0.995274 -0.096810 0.007625 -0.038100 0.096364 0.974868 -0.200865 9.490500 0.012013 0.200650 0.979589 -1.392100 0.000000 0.000000 0.000000 1.000000
0.994657 -0.102577 0.011677 -0.038100 0.102870 0.975186 -0.196033 9.490500 0.008721 0.196187 0.980528 -1.392100 0.000000 0.000000 0.000000 1.000000
0.994164 -0.106656 0.016200 -0.038100 0.107769 0.975081 -0.193915 9.490500 0.004886 0.194529 0.980885 -1.392100 0.000000 0.000000 0.000000 1.000000
0.994283 -0.104681 0.021028 -0.038100 0.106772 0.974973 -0.195004 9.490500 -0.000089 0.196135 0.980577 -1.392100 0.000000 0.000000 0.000000 1.000000
0.995064 -0.096415 0.023508 -0.038100 0.099168 0.975045 -0.198626 9.490500 -0.003771 0.199976 0.979793 -1.392100 0.000000 0.000000 0.000000 1.000000
0.996023 -0.086410 0.021697 -0.038100 0.089018 0.975165 -0.202804 9.490500 -0.003634 0.203929 0.978979 -1.392100 0.000000 0.000000 0.000000 1.000000
0.996803 -0.078450 0.015138 -0.038100 0.079886 0.975500 -0.204982 9.490500 0.001314 0.205536 0.978649 -1.392100 0.000000 0.000000 0.000000 1.000000
0.997343 -0.072646 0.005397 -0.038100 0.072226 0.976475 -0.203173 9.490500 0.009490 0.203023 0.979128 -1.392100 0.000000 0.000000 0.000000 1.000000
0.997725 -0.067308 -0.003865 -0.038100 0.065206 0.977953 -0.198384 9.490500 0.017133 0.197681 0.980117 -1.392100 0.000000 0.000000 0.000000 1.000000
0.997983 -0.062946 -0.008214 -0.038100 0.060143 0.978971 -0.194932 9.490500 0.020311 0.194045 0.980782 -1.392100 0.000000 0.000000 0.000000 1.000000
0.998084 -0.061596 -0.005927 -0.038100 0.059250 0.978897 -0.195574 9.490500 0.017848 0.194848 0.980671 -1.392100 0.000000 0.000000 0.000000 1.000000
0.997975 -0.063605 0.000924 -0.038100 0.062529 0.978224 -0.197907 9.490500 0.011684 0.197564 0.980220 -1.392100 0.000000 0.000000 0.000000 1.000000
0.997715 -0.066901 0.009437 -0.038100 0.067442 0.977760 -0.198586 9.490500 0.004058 0.198768 0.980038 -1.392100 0.000000 0.000000 0.000000 1.000000
0.997437 -0.069020 0.018866 -0.038100 0.071394 0.977518 -0.198399 9.490500 -0.004749 0.199238 0.979940 -1.392100 0.000000 0.000000 0.000000 1.000000
0.997138 -0.069204 0.030434 -0.038100 0.073916 0.976940 -0.200312 9.490500 -0.015870 0.201989 0.979259 -1.392100 0.000000 0.000000 0.000000 1.000000
0.996784 -0.066897 0.044114 -0.038100 0.074569 0.975918 -0.204995 9.490500 -0.029338 0.207626 0.977768 -1.392100 0.000000 0.000000 0.000000 1.000000
0.996377 -0.061988 0.058229 -0.038100 0.072957 0.974842 -0.210619 9.490500 -0.043708 0.214105 0.975832 -1.392100 0.000000 0.000000 0.000000 1.000000
0.995973 -0.054967 0.070830 -0.038100 0.069088 0.974036 -0.215594 9.490500 -0.057140 0.219619 0.973911 -1.392100 0.000000 0.000000 0.000000 1.000000
0.995659 -0.046224 0.080781 -0.038100 0.063033 0.973492 -0.219864 9.490500 -0.068477 0.224002 0.972180 -1.392100 0.000000 0.000000 0.000000 1.000000
0.995513 -0.035677 0.087640 -0.038100 0.054593 0.973057 -0.224008 9.490500 -0.077287 0.227788 0.970639 -1.392100 0.000000 0.000000 0.000000 1.000000</float_array>
        <technique_common>
          <accessor source="#mixamorig_Spine-Matrix-animation-output-transform-array" count="55" stride="16">
            <param type="float4x4"/>
          </accessor>
        </technique_common>
      </source>
      <source id="mixamorig_Spine-Interpolations">
        <Name_array id="mixamorig_Spine-Interpolations-array" count="55">
 LINEAR LINEAR LINEAR LINEAR LINEAR LINEAR LINEAR LINEAR LINEAR LINEAR LINEAR
LINEAR LINEAR LINEAR LINEAR LINEAR LINEAR LINEAR LINEAR LINEAR LINEAR LINEAR LINEAR
LINEAR LINEAR LINEAR LINEAR LINEAR LINEAR LINEAR LINEAR LINEAR LINEAR LINEAR LINEAR
LINEAR LINEAR LINEAR LINEAR LINEAR LINEAR LINEAR LINEAR LINEAR LINEAR LINEAR LINEAR
LINEAR LINEAR LINEAR LINEAR LINEAR LINEAR LINEAR LINEAR</Name_array>
        <technique_common>
          <accessor source="#mixamorig_Spine-Interpolations-array" count="55">
            <param type="name"/>
          </accessor>
        </technique_common>
      </source>
      <sampler id="mixamorig_Spine-Matrix-animation-transform">
        <input semantic="INPUT" source="#mixamorig_Spine-Matrix-animation-input"/>
        <input semantic="OUTPUT" source="#mixamorig_Spine-Matrix-animation-output-transform"/>
        <input semantic="INTERPOLATION" source="#mixamorig_Spine-Interpolations"/>
      </sampler>
      <channel source="#mixamorig_Spine-Matrix-animation-transform" target="mixamorig_Spine/matrix"/>
    </animation>
    <animation id="mixamorig_Spine1-anim" name="mixamorig_Spine1">
      <source id="mixamorig_Spine1-Matrix-animation-input">
        <float_array id="mixamorig_Spine1-Matrix-animation-input-array" count="55">

0.000000 0.033333 0.066667 0.100000 0.133333 0.166667 0.200000 0.233333 0.266667 0.300000 0.333333 0.366667 0.400000 0.433333 0.466667 0.500000
0.533333 0.566667 0.600000 0.633333 0.666667 0.700000 0.733333 0.766667 0.800000 0.833333 0.866667 0.900000 0.933333 0.966667 1.000000 1.033333
1.066667 1.100000 1.133333 1.166667 1.200000 1.233333 1.266667 1.300000 1.333333 1.366667 1.400000 1.433333 1.466667 1.500000 1.533333 1.566667
1.600000 1.633333 1.666667 1.700000 1.733333 1.766667 1.800000</float_array>
        <technique_common>
          <accessor source="#mixamorig_Spine1-Matrix-animation-input-array" count="55">
            <param name="TIME" type="float"/>
          </accessor>
        </technique_common>
      </source>
      <source id="mixamorig_Spine1-Matrix-animation-output-transform">
        <float_array id="mixamorig_Spine1-Matrix-animation-output-transform-array" count="880">

0.999437 -0.011459 0.031524 0.000000 0.016806 0.984431 -0.174965 11.190800 -0.029028 0.175396 0.984070 0.000000 0.000000 0.000000 0.000000 1.000000
0.999513 -0.007654 0.030264 -0.000000 0.013032 0.983263 -0.181723 11.190800 -0.028367 0.182029 0.982884 0.000000 0.000000 0.000000 0.000000 1.000000
0.999620 -0.003468 0.027338 -0.000000 0.008559 0.982057 -0.188390 11.190800 -0.026194 0.188552 0.981714 0.000000 0.000000 0.000000 0.000000 1.000000
0.999730 0.000509 0.023237 -0.000000 0.004049 0.980662 -0.195665 11.190800 -0.022887 0.195707 0.980395 -0.000000 0.000000 0.000000 0.000000 1.000000
0.999853 0.005449 0.016286 0.000000 -0.002022 0.979082 -0.203457 11.190800 -0.017054 0.203394 0.978948 0.000000 0.000000 0.000000 0.000000 1.000000
0.999905 0.013107 0.004344 -0.000000 -0.011910 0.977844 -0.208996 11.190800 -0.006987 0.208924 0.977907 0.000000 0.000000 0.000000 0.000000 1.000000
0.999705 0.022194 -0.009826 -0.000000 -0.023752 0.977856 -0.207928 11.190800 0.004993 0.208100 0.978095 -0.000000 0.000000 0.000000 0.000000 1.000000
0.999413 0.028418 -0.019146 -0.000000 -0.031665 0.979482 -0.199029 11.190800 0.013097 0.199518 0.979807 0.000000 0.000000 0.000000 0.000000 1.000000
0.999373 0.029209 -0.020025 0.000000 -0.032425 0.982061 -0.185753 11.190800 0.014240 0.186286 0.982392 -0.000000 0.000000 0.000000 0.000000 1.000000
0.999521 0.026814 -0.015438 -0.000000 -0.029087 0.984425 -0.173382 11.190800 0.010549 0.173748 0.984734 0.000000 0.000000 0.000000 0.000000 1.000000
0.999632 0.025297 -0.009768 0.000000 -0.026567 0.985810 -0.165750 11.190800 0.005436 0.165949 0.986119 0.000000 0.000000 0.000000 0.000000 1.000000
0.999680 0.024882 -0.004523 0.000000 -0.025287 0.986163 -0.163841 11.190800 0.000384 0.163903 0.986476 0.000000 0.000000 0.000000 0.000000 1.000000
0.999751 0.022319 0.000473 0.000000 -0.021931 0.985861 -0.166124 11.190800 -0.004174 0.166072 0.986105 -0.000000 0.000000 0.000000 0.000000 1.000000
0.999851 0.016559 0.004958 0.000000 -0.015482 0.985458 -0.169211 11.190800 -0.007688 0.169109 0.985567 0.000000 0.000000 0.000000 0.000000 1.000000
0.999911 0.010257 0.008496 -0.000000 -0.008660 0.985343 -0.170365 11.190800 -0.010119 0.170276 0.985344 -0.000000 0.000000 0.000000 0.000000 1.000000
0.999918 0.005586 0.011503 0.000000 -0.003551 0.985458 -0.169885 11.190800 -0.012285 0.169830 0.985397 0.000000 0.000000 0.000000 0.000000 1.000000
0.999896 0.002083 0.014294 -0.000000 0.000374 0.985484 -0.169770 11.190800 -0.014441 0.169758 0.985380 -0.000000 0.000000 0.000000 0.000000 1.000000
0.999882 -0.001232 0.015324 0.000000 0.003834 0.985268 -0.170977 11.190800 -0.014888 0.171015 0.985156 -0.000000 0.000000 0.000000 0.000000 1.000000
0.999919 -0.004248 0.011998 -0.000000 0.006257 0.984949 -0.172732 11.190800 -0.011084 0.172793 0.984896 0.000000 0.000000 0.000000 0.000000 1.000000
0.999974 -0.006218 0.003528 -0.000000 0.006737 0.984719 -0.174020 11.190800 -0.002392 0.174039 0.984736 -0.000000 0.000000 0.000000 0.000000 1.000000
0.999947 -0.006794 -0.007728 0.000000 0.005338 0.984586 -0.174821 11.190800 0.008797 0.174770 0.984570 -0.000000 0.000000 0.000000 0.000000 1.000000
0.999803 -0.006789 -0.018674 0.000000 0.003404 0.984455 -0.175602 11.190800 0.019576 0.175503 0.984284 0.000000 0.000000 0.000000 0.000000 1.000000
0.999560 -0.007530 -0.028701 0.000000 0.002346 0.984290 -0.176543 11.190800 0.029579 0.176398 0.983874 0.000000 0.000000 0.000000 0.000000 1.000000
0.999213 -0.009365 -0.038553 -0.000000 0.002361 0.984057 -0.177839 11.190800 0.039604 0.177608 0.983304 -0.000000 0.000000 0.000000 0.000000 1.000000
0.998794 -0.011673 -0.047692 0.000000 0.002920 0.983731 -0.179626 11.190800 0.049013 0.179270 0.982578 0.000000 0.000000 0.000000 0.000000 1.000000
0.998388 -0.014094 -0.054972 -0.000000 0.003890 0.983387 -0.181480 11.190800 0.056617 0.180974 0.981857 0.000000 0.000000 0.000000 0.000000 1.000000
0.998049 -0.016744 -0.060142 0.000000 0.005486 0.983158 -0.182677 11.190800 0.062187 0.181991 0.981332 0.000000 0.000000 0.000000 0.000000 1.000000
0.997802 -0.019718 -0.063258 0.000000 0.007844 0.983135 -0.182712 11.190800 0.065793 0.181814 0.981129 0.000000 0.000000 0.000000 0.000000 1.000000
0.997689 -0.023002 -0.063930 0.000000 0.011023 0.983281 -0.181758 11.190800 0.067042 0.180633 0.981263 0.000000 0.000000 0.000000 0.000000 1.000000
0.997743 -0.026522 -0.061688 0.000000 0.014949 0.983369 -0.181002 11.190800 0.065463 0.179671 0.981546 -0.000000 0.000000 0.000000 0.000000 1.000000
0.997972 -0.030457 -0.055895 0.000000 0.019821 0.983133 -0.181817 11.190800 0.060489 0.180340 0.981743 0.000000 0.000000 0.000000 0.000000 1.000000
0.998328 -0.035441 -0.045670 0.000000 0.026467 0.982577 -0.183964 11.190800 0.051394 0.182447 0.981871 0.000000 0.000000 0.000000 0.000000 1.000000
0.998641 -0.041290 -0.031795 0.000000 0.034707 0.982076 -0.185260 11.190800 0.038875 0.183905 0.982175 0.000000 0.000000 0.000000 0.000000 1.000000
0.998774 -0.046102 -0.018050 -0.000000 0.042002 0.982016 -0.184067 11.190800 0.026211 0.183083 0.982748 0.000000 0.000000 0.000000 0.000000 1.000000
0.998792 -0.048419 -0.008367 0.000000 0.046103 0.982348 -0.181290 11.190800 0.016997 0.180685 0.983394 -0.000000 0.000000 0.000000 0.000000 1.000000
0.998776 -0.049362 -0.003214 -0.000000 0.047995 0.982744 -0.178635 11.190800 0.011976 0.178262 0.983910 -0.000000 0.000000 0.000000 0.000000 1.000000
0.998724 -0.050508 -0.000462 0.000000 0.049637 0.983107 -0.176174 11.190800 0.009353 0.175926 0.984359 0.000000 0.000000 0.000000 0.000000 1.000000
0.998706 -0.050837 0.001189 -0.000000 0.050272 0.983567 -0.173405 11.190800 0.007646 0.173241 0.984850 0.000000 0.000000 0.000000 0.000000 1.000000
0.998839 -0.048149 0.001219 0.000000 0.047649 0.984126 -0.170957 11.190800 0.007032 0.170816 0.985278 -0.000000 0.000000 0.000000 0.000000 1.000000
0.999094 -0.042547 -0.000893 -0.000000 0.041778 0.984597 -0.169776 11.190800 0.008103 0.169585 0.985482 0.000000 0.000000 0.000000 0.000000 1.000000
0.999320 -0.036604 -0.004472 0.000000 0.035310 0.984794 -0.170102 11.190800 0.010631 0.169829 0.985416 0.000000 0.000000 0.000000 0.000000 1.000000
0.999446 -0.032144 -0.008648 0.000000 0.030194 0.984812 -0.170981 11.190800 0.014012 0.170625 0.985236 0.000000 0.000000 0.000000 0.000000 1.000000
0.999509 -0.028454 -0.013138 0.000000 0.025806 0.985069 -0.170214 11.190800 0.017785 0.169792 0.985319 0.000000 0.000000 0.000000 0.000000 1.000000
0.999553 -0.024368 -0.017330 0.000000 0.021137 0.985739 -0.166948 11.190800 0.021151 0.166507 0.985813 0.000000 0.000000 0.000000 0.000000 1.000000
0.999595 -0.020529 -0.019710 -0.000000 0.017028 0.986346 -0.163802 11.190800 0.022803 0.163400 0.986296 0.000000 0.000000 0.000000 0.000000 1.000000
0.999651 -0.018373 -0.018987 0.000000 0.015027 0.986447 -0.163393 11.190800 0.021731 0.163050 0.986378 -0.000000 0.000000 0.000000 0.000000 1.000000
0.999724 -0.017901 -0.015187 -0.000000 0.015163 0.986282 -0.164370 11.190800 0.017921 0.164095 0.986282 0.000000 0.000000 0.000000 0.000000 1.000000
0.999795 -0.017996 -0.009290 0.000000 0.016226 0.986284 -0.164259 11.190800 0.012118 0.164075 0.986373 0.000000 0.000000 0.000000 0.000000 1.000000
0.999833 -0.018122 -0.002416 0.000000 0.017482 0.986369 -0.163620 11.190800 0.005348 0.163550 0.986520 0.000000 0.000000 0.000000 0.000000 1.000000
0.999822 -0.018317 0.004485 0.000000 0.018805 0.986214 -0.164402 11.190800 -0.001411 0.164457 0.986383 0.000000 0.000000 0.000000 0.000000 1.000000
0.999773 -0.018318 0.010892 -0.000000 0.019878 0.985809 -0.166690 11.190800 -0.007685 0.166868 0.985949 0.000000 0.000000 0.000000 0.000000 1.000000
0.999700 -0.017770 0.016829 -0.000000 0.020363 0.985378 -0.169163 11.190800 -0.013577 0.169455 0.985444 0.000000 0.000000 0.000000 0.000000 1.000000
0.999610 -0.016593 0.022470 0.000000 0.020198 0.985040 -0.171136 11.190800 -0.019294 0.171523 0.984991 0.000000 0.000000 0.000000 0.000000 1.000000
0.999512 -0.014620 0.027596 0.000000 0.019179 0.984747 -0.172931 11.190800 -0.024647 0.173376 0.984547 -0.000000 0.000000 0.000000 0.000000 1.000000
0.999437 -0.011459 0.031524 0.000000 0.016806 0.984431 -0.174964 11.190800 -0.029028 0.175396 0.984070 0.000000 0.000000 0.000000 0.000000 1.000000</float_array>
        <technique_common>
          <accessor source="#mixamorig_Spine1-Matrix-animation-output-transform-array" count="55" stride="16">
            <param type="float4x4"/>
          </accessor>
        </technique_common>
      </source>
      <source id="mixamorig_Spine1-Interpolations">
        <Name_array id="mixamorig_Spine1-Interpolations-array" count="55">
 LINEAR LINEAR LINEAR LINEAR LINEAR LINEAR LINEAR LINEAR LINEAR LINEAR LINEAR
LINEAR LINEAR LINEAR LINEAR LINEAR LINEAR LINEAR LINEAR LINEAR LINEAR LINEAR LINEAR
LINEAR LINEAR LINEAR LINEAR LINEAR LINEAR LINEAR LINEAR LINEAR LINEAR LINEAR LINEAR
LINEAR LINEAR LINEAR LINEAR LINEAR LINEAR LINEAR LINEAR LINEAR LINEAR LINEAR LINEAR
LINEAR LINEAR LINEAR LINEAR LINEAR LINEAR LINEAR LINEAR</Name_array>
        <technique_common>
          <accessor source="#mixamorig_Spine1-Interpolations-array" count="55">
            <param type="name"/>
          </accessor>
        </technique_common>
      </source>
      <sampler id="mixamorig_Spine1-Matrix-animation-transform">
        <input semantic="INPUT" source="#mixamorig_Spine1-Matrix-animation-input"/>
        <input semantic="OUTPUT" source="#mixamorig_Spine1-Matrix-animation-output-transform"/>
        <input semantic="INTERPOLATION" source="#mixamorig_Spine1-Interpolations"/>
      </sampler>
      <channel source="#mixamorig_Spine1-Matrix-animation-transform" target="mixamorig_Spine1/matrix"/>
    </animation>
    <animation id="mixamorig_Spine2-anim" name="mixamorig_Spine2">
      <source id="mixamorig_Spine2-Matrix-animation-input">
        <float_array id="mixamorig_Spine2-Matrix-animation-input-array" count="55">

0.000000 0.033333 0.066667 0.100000 0.133333 0.166667 0.200000 0.233333 0.266667 0.300000 0.333333 0.366667 0.400000 0.433333 0.466667 0.500000
0.533333 0.566667 0.600000 0.633333 0.666667 0.700000 0.733333 0.766667 0.800000 0.833333 0.866667 0.900000 0.933333 0.966667 1.000000 1.033333
1.066667 1.100000 1.133333 1.166667 1.200000 1.233333 1.266667 1.300000 1.333333 1.366667 1.400000 1.433333 1.466667 1.500000 1.533333 1.566667
1.600000 1.633333 1.666667 1.700000 1.733333 1.766667 1.800000</float_array>
        <technique_common>
          <accessor source="#mixamorig_Spine2-Matrix-animation-input-array" count="55">
            <param name="TIME" type="float"/>
          </accessor>
        </technique_common>
      </source>
      <source id="mixamorig_Spine2-Matrix-animation-output-transform">
        <float_array id="mixamorig_Spine2-Matrix-animation-output-transform-array" count="880">

0.999350 -0.003744 0.035863 -0.000000 0.014863 0.948943 -0.315097 12.789500 -0.032852 0.315425 0.948382 0.000000 0.000000 0.000000 0.000000 1.000000
0.999409 -0.000167 0.034365 0.000000 0.011217 0.946802 -0.321622 12.789500 -0.032483 0.321818 0.946244 0.000000 0.000000 0.000000 0.000000 1.000000
0.999512 0.003401 0.031067 0.000000 0.006986 0.944602 -0.328143 12.789500 -0.030462 0.328200 0.944117 0.000000 0.000000 0.000000 0.000000 1.000000
0.999625 0.006743 0.026528 -0.000000 0.002543 0.942106 -0.335305 12.789500 -0.027254 0.335246 0.941736 0.000000 0.000000 0.000000 0.000000 1.000000
0.999761 0.011125 0.018805 0.000000 -0.004001 0.939327 -0.343001 12.789500 -0.021480 0.342844 0.939147 0.000000 0.000000 0.000000 0.000000 1.000000
0.999823 0.018044 0.005407 -0.000000 -0.015029 0.937182 -0.348517 12.789500 -0.011356 0.348374 0.937287 -0.000000 0.000000 0.000000 0.000000 1.000000
0.999599 0.026229 -0.010703 -0.000000 -0.028313 0.937238 -0.347539 12.789500 0.000916 0.347702 0.937605 0.000000 0.000000 0.000000 0.000000 1.000000
0.999257 0.031795 -0.021794 0.000000 -0.037303 0.940094 -0.338867 12.789500 0.009714 0.339429 0.940582 0.000000 0.000000 0.000000 0.000000 1.000000
0.999191 0.032415 -0.023813 0.000000 -0.038413 0.944604 -0.325957 12.789500 0.011928 0.326608 0.945085 0.000000 0.000000 0.000000 0.000000 1.000000
0.999347 0.030196 -0.019826 0.000000 -0.034898 0.948785 -0.313989 12.789500 0.009329 0.314476 0.949220 0.000000 0.000000 0.000000 0.000000 1.000000
0.999471 0.029028 -0.014666 0.000000 -0.032128 0.951283 -0.306641 12.789500 0.005050 0.306950 0.951712 0.000000 0.000000 0.000000 0.000000 1.000000
0.999525 0.029175 -0.009883 0.000000 -0.030799 0.951908 -0.304833 12.789500 0.000514 0.304993 0.952354 0.000000 0.000000 0.000000 0.000000 1.000000
0.999613 0.027399 -0.004837 -0.000000 -0.027560 0.951277 -0.307104 12.789500 -0.003813 0.307118 0.951664 0.000000 0.000000 0.000000 0.000000 1.000000
0.999749 0.022420 0.000284 0.000000 -0.021226 0.950440 -0.310183 12.789500 -0.007224 0.310099 0.950677 0.000000 0.000000 0.000000 0.000000 1.000000
0.999851 0.016652 0.004483 -0.000000 -0.014429 0.950167 -0.311409 12.789500 -0.009445 0.311298 0.950265 0.000000 0.000000 0.000000 0.000000 1.000000
0.999894 0.012314 0.007789 0.000000 -0.009281 0.950348 -0.311050 12.789500 -0.011232 0.310944 0.950362 0.000000 0.000000 0.000000 0.000000 1.000000
0.999902 0.009101 0.010674 0.000000 -0.005330 0.950385 -0.311031 12.789500 -0.012975 0.310943 0.950340 0.000000 0.000000 0.000000 0.000000 1.000000
0.999913 0.005866 0.011843 0.000000 -0.001874 0.949993 -0.312264 12.789500 -0.013083 0.312215 0.949922 -0.000000 0.000000 0.000000 0.000000 1.000000
0.999959 0.002296 0.008735 0.000000 0.000563 0.949433 -0.313969 12.789500 -0.009015 0.313961 0.949393 0.000000 0.000000 0.000000 0.000000 1.000000
0.999999 -0.001013 0.000411 0.000000 0.001091 0.949053 -0.315114 12.789500 -0.000071 0.315114 0.949054 -0.000000 0.000000 0.000000 0.000000 1.000000
0.999935 -0.003286 -0.010956 -0.000000 -0.000340 0.948869 -0.315670 12.789500 0.011433 0.315653 0.948806 -0.000000 0.000000 0.000000 0.000000 1.000000
0.999742 -0.004730 -0.022236 -0.000000 -0.002543 0.948713 -0.316129 12.789500 0.022591 0.316104 0.948456 0.000000 0.000000 0.000000 0.000000 1.000000
0.999449 -0.006585 -0.032526 0.000000 -0.004057 0.948511 -0.316717 12.789500 0.032937 0.316674 0.947962 0.000000 0.000000 0.000000 0.000000 1.000000
0.999056 -0.009453 -0.042390 -0.000000 -0.004506 0.948198 -0.317647 12.789500 0.043197 0.317539 0.947261 0.000000 0.000000 0.000000 0.000000 1.000000
0.998599 -0.012753 -0.051355 0.000000 -0.004306 0.947715 -0.319088 12.789500 0.052740 0.318862 0.946333 0.000000 0.000000 0.000000 0.000000 1.000000
0.998168 -0.016022 -0.058348 0.000000 -0.003541 0.947187 -0.320661 12.789500 0.060404 0.320281 0.945395 0.000000 0.000000 0.000000 0.000000 1.000000
0.997818 -0.019351 -0.063121 0.000000 -0.001986 0.946849 -0.321674 12.789500 0.065991 0.321097 0.944744 0.000000 0.000000 0.000000 0.000000 1.000000
0.997576 -0.022760 -0.065751 0.000000 0.000404 0.946864 -0.321635 12.789500 0.069577 0.320829 0.944578 0.000000 0.000000 0.000000 0.000000 1.000000
0.997489 -0.026082 -0.065851 0.000000 0.003591 0.947157 -0.320750 12.789500 0.070736 0.319708 0.944872 0.000000 0.000000 0.000000 0.000000 1.000000
0.997588 -0.029245 -0.062953 0.000000 0.007567 0.947326 -0.320182 12.789500 0.069000 0.318933 0.945262 0.000000 0.000000 0.000000 0.000000 1.000000
0.997877 -0.032545 -0.056408 0.000000 0.012725 0.946919 -0.321220 12.789500 0.063868 0.319820 0.945323 0.000000 0.000000 0.000000 0.000000 1.000000
0.998307 -0.036583 -0.045223 0.000000 0.020007 0.945983 -0.323598 12.789500 0.054619 0.322145 0.945113 0.000000 0.000000 0.000000 0.000000 1.000000
0.998698 -0.041157 -0.030135 0.000000 0.029141 0.945212 -0.325154 12.789500 0.041867 0.323852 0.945181 0.000000 0.000000 0.000000 0.000000 1.000000
0.998886 -0.044668 -0.015185 0.000000 0.037340 0.945244 -0.324220 12.789500 0.028835 0.323292 0.945860 0.000000 0.000000 0.000000 0.000000 1.000000
0.998930 -0.046028 -0.004605 0.000000 0.042103 0.945923 -0.321648 12.789500 0.019161 0.321110 0.946848 0.000000 0.000000 0.000000 0.000000 1.000000
0.998924 -0.046360 0.001224 -0.000000 0.044325 0.946671 -0.319138 12.789500 0.013637 0.318849 0.947707 0.000000 0.000000 0.000000 0.000000 1.000000
0.998883 -0.047023 0.004670 -0.000000 0.046080 0.947371 -0.316804 12.789500 0.010473 0.316665 0.948480 0.000000 0.000000 0.000000 0.000000 1.000000
0.998870 -0.047018 0.006876 0.000000 0.046797 0.948218 -0.314153 12.789500 0.008251 0.314120 0.949347 0.000000 0.000000 0.000000 0.000000 1.000000
0.998991 -0.044376 0.006943 0.000000 0.044328 0.949118 -0.311786 12.789500 0.007246 0.311779 0.950127 0.000000 0.000000 0.000000 0.000000 1.000000
0.999220 -0.039242 0.004337 -0.000000 0.038647 0.949740 -0.310645 12.789500 0.008071 0.310570 0.950516 0.000000 0.000000 0.000000 0.000000 1.000000
0.999425 -0.033913 0.000118 -0.000000 0.032268 0.949864 -0.310995 12.789500 0.010434 0.310819 0.950412 0.000000 0.000000 0.000000 0.000000 1.000000
