<?xml version="1.0" encoding="utf-8"?>
<COLLADA xmlns="http://www.collada.org/2005/11/COLLADASchema" version="1.4.1">
  <asset>
    <contributor>
      <author>Mixamo</author>
      <authoring_tool>COLLADA Mixamo exporter</authoring_tool>
      <comments/>
    </contributor>
    <created>2022-12-13T12:14:20Z</created>
    <modified>2022-12-13T12:14:20Z</modified>
    <revision/>
    <title/>
    <unit meter="0.010000"/>
    <up_axis>Y_UP</up_axis>
  </asset>
  <library_animations>
    <animation id="mixamorig_Hips-anim" name="mixamorig_Hips">
      <source id="mixamorig_Hips-Matrix-animation-input">
        <float_array id="mixamorig_Hips-Matrix-animation-input-array" count="101">

0.000000 0.033333 0.066667 0.100000 0.133333 0.166667 0.200000 0.233333 0.266667 0.300000 0.333333 0.366667 0.400000 0.433333 0.466667 0.500000
0.533333 0.566667 0.600000 0.633333 0.666667 0.700000 0.733333 0.766667 0.800000 0.833333 0.866667 0.900000 0.933333 0.966667 1.000000 1.033333
1.066667 1.100000 1.133333 1.166667 1.200000 1.233333 1.266667 1.300000 1.333333 1.366667 1.400000 1.433333 1.466667 1.500000 1.533333 1.566667
1.600000 1.633333 1.666667 1.700000 1.733333 1.766667 1.800000 1.833333 1.866667 1.900000 1.933333 1.966667 2.000000 2.033333 2.066667 2.100000
2.133333 2.166667 2.200000 2.233333 2.266667 2.300000 2.333333 2.366667 2.400000 2.433333 2.466667 2.500000 2.533333 2.566667 2.600000 2.633333
2.666667 2.700000 2.733333 2.766667 2.800000 2.833333 2.866667 2.900000 2.933333 2.966667 3.000000 3.033333 3.066667 3.100000 3.133333 3.166667
3.200000 3.233333 3.266667 3.300000 3.333333</float_array>
        <technique_common>
          <accessor source="#mixamorig_Hips-Matrix-animation-input-array" count="101">
            <param name="TIME" type="float"/>
          </accessor>
        </technique_common>
      </source>
      <source id="mixamorig_Hips-Matrix-animation-output-transform">
        <float_array id="mixamorig_Hips-Matrix-animation-output-transform-array" count="1616">

0.983991 -0.157086 0.084176 -48.684937 0.175122 0.939899 -0.293125 49.909206 -0.033071 0.303174 0.952361 -19.413351 0.000000 0.000000 0.000000 1.000000
0.984092 -0.156259 0.084539 -48.622620 0.174398 0.940422 -0.291875 49.876991 -0.033895 0.301976 0.952713 -19.449110 0.000000 0.000000 0.000000 1.000000
0.984184 -0.155562 0.084755 -48.545185 0.173744 0.941006 -0.290382 49.841423 -0.034582 0.300514 0.953150 -19.483940 0.000000 0.000000 0.000000 1.000000
0.984275 -0.154984 0.084754 -48.448750 0.173129 0.941639 -0.288690 49.801609 -0.035065 0.298824 0.953664 -19.518511 0.000000 0.000000 0.000000 1.000000
0.984388 -0.154449 0.084412 -48.329517 0.172447 0.942331 -0.286834 49.755135 -0.035243 0.296912 0.954254 -19.553997 0.000000 0.000000 0.000000 1.000000
0.984556 -0.153832 0.083574 -48.184231 0.171533 0.943108 -0.284822 49.699734 -0.035005 0.294759 0.954930 -19.592136 0.000000 0.000000 0.000000 1.000000
0.984808 -0.152999 0.082125 -48.011871 0.170229 0.944000 -0.282641 49.633442 -0.034282 0.292327 0.955704 -19.634853 0.000000 0.000000 0.000000 1.000000
0.985160 -0.151846 0.080020 -47.813305 0.168426 0.945028 -0.280277 49.556213 -0.033062 0.289595 0.956578 -19.683949 0.000000 0.000000 0.000000 1.000000
0.985609 -0.150320 0.077329 -47.591862 0.166098 0.946193 -0.277725 49.469486 -0.031421 0.286572 0.957543 -19.740942 0.000000 0.000000 0.000000 1.000000
0.986130 -0.148439 0.074249 -47.352806 0.163324 0.947478 -0.274974 49.374771 -0.029532 0.283287 0.958580 -19.806597 0.000000 0.000000 0.000000 1.000000
0.986691 -0.146262 0.071055 -47.101791 0.160242 0.948867 -0.271980 49.274021 -0.027641 0.279747 0.959676 -19.881052 0.000000 0.000000 0.000000 1.000000
0.987260 -0.143846 0.068011 -46.843765 0.156975 0.950377 -0.268594 49.170124 -0.026000 0.275848 0.960849 -19.963551 0.000000 0.000000 0.000000 1.000000
0.987826 -0.141197 0.065286 -46.583359 0.153569 0.952078 -0.264508 49.065392 -0.024810 0.271314 0.962171 -20.051853 0.000000 0.000000 0.000000 1.000000
0.988400 -0.138212 0.062948 -46.323559 0.149929 0.954080 -0.259331 48.961109 -0.024215 0.265761 0.963735 -20.142036 0.000000 0.000000 0.000000 1.000000
0.989011 -0.134666 0.061017 -46.063496 0.145829 0.956487 -0.252718 48.857803 -0.024330 0.258839 0.965614 -20.228546 0.000000 0.000000 0.000000 1.000000
0.989680 -0.130340 0.059533 -45.798061 0.141051 0.959333 -0.244507 48.755466 -0.025243 0.250381 0.967818 -20.305115 0.000000 0.000000 0.000000 1.000000
0.990402 -0.125174 0.058612 -45.516579 0.135549 0.962538 -0.234834 48.658134 -0.027021 0.240524 0.970267 -20.366537 0.000000 0.000000 0.000000 1.000000
0.991126 -0.119370 0.058474 -45.200874 0.129556 0.965908 -0.224137 48.575222 -0.029725 0.229724 0.972802 -20.408493 0.000000 0.000000 0.000000 1.000000
0.991773 -0.113419 0.059353 -44.827896 0.123585 0.969204 -0.213003 48.523830 -0.033366 0.218585 0.975247 -20.428150 0.000000 0.000000 0.000000 1.000000
0.992264 -0.107946 0.061314 -44.373558 0.118246 0.972230 -0.201957 48.529305 -0.037811 0.207645 0.977473 -20.423582 0.000000 0.000000 0.000000 1.000000
0.992559 -0.103593 0.064000 -43.821861 0.114087 0.974857 -0.191412 48.624386 -0.042562 0.197289 0.979421 -20.395979 0.000000 0.000000 0.000000 1.000000
0.992683 -0.100752 0.066551 -43.170258 0.111346 0.977025 -0.181727 48.837753 -0.046712 0.187807 0.981095 -20.347980 0.000000 0.000000 0.000000 1.000000
0.992746 -0.099271 0.067829 -42.429279 0.109710 0.978744 -0.173272 49.200390 -0.049186 0.179456 0.982536 -20.283674 0.000000 0.000000 0.000000 1.000000
0.992899 -0.098680 0.066436 -41.624912 0.108546 0.980041 -0.166546 49.740463 -0.048676 0.172575 0.983793 -20.212290 0.000000 0.000000 0.000000 1.000000
0.993289 -0.098275 0.060980 -40.789192 0.107013 0.980930 -0.162248 50.477615 -0.043872 0.167685 0.984864 -20.146477 0.000000 0.000000 0.000000 1.000000
0.993988 -0.097179 0.050437 -39.945110 0.104130 0.981408 -0.161232 51.429287 -0.033831 0.165515 0.985627 -20.101143 0.000000 0.000000 0.000000 1.000000
0.994936 -0.094455 0.034349 -39.102230 0.098846 0.981449 -0.164276 52.605000 -0.018195 0.166840 0.985816 -20.089840 0.000000 0.000000 0.000000 1.000000
0.995880 -0.089730 0.013092 -38.269516 0.090644 0.980975 -0.171673 54.000206 0.002562 0.172152 0.985067 -20.121120 0.000000 0.000000 0.000000 1.000000
0.996464 -0.083092 -0.012417 -37.457321 0.079430 0.979896 -0.183015 55.591839 0.027374 0.181381 0.983032 -20.190140 0.000000 0.000000 0.000000 1.000000
0.996330 -0.075103 -0.041061 -36.680489 0.065601 0.978148 -0.197287 57.341530 0.054980 0.193869 0.979486 -20.284639 0.000000 0.000000 0.000000 1.000000
0.995139 -0.067334 -0.071860 -35.970303 0.050631 0.975717 -0.213102 59.193474 0.084464 0.208428 0.974384 -20.401398 0.000000 0.000000 0.000000 1.000000
0.992920 -0.059512 -0.102800 -35.293980 0.034612 0.972839 -0.228880 61.138336 0.113629 0.223702 0.968011 -20.496666 0.000000 0.000000 0.000000 1.000000
0.989866 -0.051111 -0.132491 -34.637611 0.017535 0.969836 -0.243127 63.145756 0.140921 0.238339 0.960904 -20.554667 0.000000 0.000000 0.000000 1.000000
0.986078 -0.042481 -0.160766 -33.969349 0.000134 0.967019 -0.254704 65.207710 0.166284 0.251137 0.953562 -20.538433 0.000000 0.000000 0.000000 1.000000
0.981562 -0.033798 -0.188131 -33.268688 -0.017175 0.964667 -0.262910 67.300415 0.190370 0.261294 0.946301 -20.418808 0.000000 0.000000 0.000000 1.000000
0.976289 -0.025193 -0.215002 -32.531734 -0.034059 0.962959 -0.267488 69.396614 0.213777 0.268469 0.939268 -20.180384 0.000000 0.000000 0.000000 1.000000
0.970210 -0.017099 -0.241662 -31.766979 -0.049935 0.961972 -0.268544 71.472290 0.237064 0.272611 0.932461 -19.815004 0.000000 0.000000 0.000000 1.000000
0.963255 -0.009982 -0.268404 -30.986832 -0.064246 0.961737 -0.266334 73.501801 0.260793 0.273791 0.925757 -19.320042 0.000000 0.000000 0.000000 1.000000
0.955367 -0.004682 -0.295385 -30.209671 -0.076024 0.962302 -0.261140 75.456337 0.285473 0.271941 0.918996 -18.700607 0.000000 0.000000 0.000000 1.000000
0.946579 -0.000801 -0.322471 -29.423069 -0.085484 0.963598 -0.253320 77.337914 0.310935 0.267354 0.912053 -17.940056 0.000000 0.000000 0.000000 1.000000
0.936961 0.001212 -0.349433 -28.635418 -0.091964 0.965597 -0.243239 79.134735 0.337117 0.260041 0.904838 -17.043114 0.000000 0.000000 0.000000 1.000000
0.926695 0.001295 -0.375811 -27.853344 -0.095210 0.968180 -0.231437 80.843887 0.363553 0.250252 0.897331 -16.013615 0.000000 0.000000 0.000000 1.000000
0.916147 0.001955 -0.400839 -27.043007 -0.097794 0.970861 -0.218780 82.521332 0.388731 0.239634 0.889643 -14.820346 0.000000 0.000000 0.000000 1.000000
0.905856 0.003721 -0.423569 -26.215555 -0.100450 0.973325 -0.206274 84.179100 0.411503 0.229402 0.882066 -13.480837 0.000000 0.000000 0.000000 1.000000
0.896483 0.006730 -0.443026 -25.390409 -0.103687 0.975307 -0.195000 85.820045 0.430775 0.220750 0.875044 -12.033241 0.000000 0.000000 0.000000 1.000000
0.888603 0.010704 -0.458553 -24.588671 -0.107675 0.976659 -0.185858 87.436966 0.445860 0.214529 0.869015 -10.532210 0.000000 0.000000 0.000000 1.000000
0.882467 0.015134 -0.470131 -23.826347 -0.112287 0.977364 -0.179308 89.012505 0.456775 0.211022 0.864191 -9.041470 0.000000 0.000000 0.000000 1.000000
0.877826 0.019662 -0.478575 -23.108139 -0.117397 0.977513 -0.175173 90.530296 0.464370 0.209955 0.860395 -7.616364 0.000000 0.000000 0.000000 1.000000
0.873950 0.022916 -0.485475 -22.440559 -0.121507 0.977469 -0.172598 91.958984 0.470582 0.209830 0.857044 -6.312941 0.000000 0.000000 0.000000 1.000000
0.869829 0.024477 -0.492745 -21.809803 -0.123987 0.977559 -0.170310 93.287460 0.477519 0.209234 0.853344 -5.154928 0.000000 0.000000 0.000000 1.000000
0.864534 0.024536 -0.501975 -21.196430 -0.124712 0.978041 -0.166980 94.522675 0.486855 0.206962 0.848610 -4.136020 0.000000 0.000000 0.000000 1.000000
0.857561 0.023672 -0.513837 -20.586061 -0.123869 0.979047 -0.161626 95.677101 0.499244 0.202253 0.842525 -3.231068 0.000000 0.000000 0.000000 1.000000
0.849025 0.022873 -0.527857 -19.974085 -0.122104 0.980512 -0.153909 96.753174 0.514050 0.195126 0.835272 -2.407811 0.000000 0.000000 0.000000 1.000000
0.839871 0.021908 -0.542344 -19.377655 -0.118785 0.982384 -0.144265 97.764458 0.529629 0.185586 0.827678 -1.650402 0.000000 0.000000 0.000000 1.000000
0.831362 0.020641 -0.555348 -18.822733 -0.113634 0.984510 -0.133520 98.698555 0.543989 0.174110 0.820830 -0.952242 0.000000 0.000000 0.000000 1.000000
0.824667 0.019319 -0.565289 -18.335697 -0.107092 0.986673 -0.122510 99.536140 0.555388 0.161567 0.815745 -0.307293 0.000000 0.000000 0.000000 1.000000
0.820554 0.018201 -0.571279 -17.938169 -0.099768 0.988710 -0.111801 100.262299 0.562794 0.148735 0.813106 0.289367 0.000000 0.000000 0.000000 1.000000
0.819247 0.017579 -0.573172 -17.647131 -0.092337 0.990531 -0.101600 100.868904 0.565959 0.136160 0.813112 0.843312 0.000000 0.000000 0.000000 1.000000
0.820527 0.017886 -0.571328 -17.471863 -0.085605 0.992083 -0.091886 101.361580 0.565162 0.124304 0.815562 1.361790 0.000000 0.000000 0.000000 1.000000
0.824012 0.019374 -0.566240 -17.413359 -0.080115 0.993358 -0.082598 101.752777 0.560879 0.113426 0.820091 1.850370 0.000000 0.000000 0.000000 1.000000
0.829366 0.022092 -0.558269 -17.465118 -0.076123 0.994368 -0.073740 102.060089 0.553496 0.103655 0.826376 2.315195 0.000000 0.000000 0.000000 1.000000
0.836351 0.025759 -0.547589 -17.616037 -0.073439 0.995156 -0.065353 102.302963 0.543253 0.094872 0.834192 2.762915 0.000000 0.000000 0.000000 1.000000
0.844735 0.029989 -0.534343 -17.853840 -0.071681 0.995773 -0.057433 102.500763 0.530362 0.086818 0.843314 3.201101 0.000000 0.000000 0.000000 1.000000
0.854111 0.035364 -0.518888 -18.165413 -0.071604 0.996181 -0.049971 102.643204 0.515139 0.079836 0.853381 3.642105 0.000000 0.000000 0.000000 1.000000
0.863998 0.041184 -0.501808 -18.549421 -0.072445 0.996447 -0.042955 102.737198 0.498256 0.073466 0.863912 4.092237 0.000000 0.000000 0.000000 1.000000
0.873911 0.045632 -0.483939 -19.014133 -0.072151 0.996733 -0.036308 102.805458 0.480701 0.066646 0.874348 4.550064 0.000000 0.000000 0.000000 1.000000
0.883304 0.048264 -0.466309 -19.559668 -0.070277 0.997079 -0.029922 102.853836 0.463502 0.059201 0.884116 5.012733 0.000000 0.000000 0.000000 1.000000
0.891734 0.049120 -0.449886 -20.180948 -0.066950 0.997472 -0.023798 102.887001 0.447580 0.051342 0.892769 5.470140 0.000000 0.000000 0.000000 1.000000
0.898973 0.048368 -0.435326 -20.867067 -0.062471 0.997882 -0.018134 102.905518 0.433527 0.043497 0.900090 5.907595 0.000000 0.000000 0.000000 1.000000
0.905032 0.046333 -0.422812 -21.601925 -0.057303 0.998269 -0.013264 102.913277 0.421466 0.036232 0.906120 6.311796 0.000000 0.000000 0.000000 1.000000
0.910087 0.043526 -0.412125 -22.372089 -0.052075 0.998598 -0.009531 102.924141 0.411132 0.030136 0.911077 6.671645 0.000000 0.000000 0.000000 1.000000
0.914415 0.040298 -0.402768 -23.162992 -0.047197 0.998860 -0.007215 102.941589 0.402018 0.025607 0.915274 6.981268 0.000000 0.000000 0.000000 1.000000
0.918298 0.037028 -0.394155 -23.960308 -0.043040 0.999053 -0.006420 102.963036 0.393544 0.022860 0.919021 7.243349 0.000000 0.000000 0.000000 1.000000
0.921933 0.034151 -0.385840 -24.748362 -0.039974 0.999176 -0.007079 102.990692 0.385281 0.021950 0.922538 7.465462 0.000000 0.000000 0.000000 1.000000
0.925392 0.031880 -0.377669 -25.511148 -0.038078 0.999235 -0.008955 103.027534 0.377094 0.022668 0.925897 7.655144 0.000000 0.000000 0.000000 1.000000
0.928627 0.030063 -0.369794 -26.235226 -0.037003 0.999247 -0.011687 103.065872 0.369164 0.024536 0.929040 7.820984 0.000000 0.000000 0.000000 1.000000
0.931518 0.028501 -0.362577 -26.907291 -0.036372 0.999227 -0.014900 103.100182 0.361872 0.027067 0.931835 7.970404 0.000000 0.000000 0.000000 1.000000
0.933935 0.027065 -0.356418 -27.515490 -0.035918 0.999188 -0.018242 103.128357 0.355635 0.029839 0.934149 8.108112 0.000000 0.000000 0.000000 1.000000
0.935799 0.025707 -0.351595 -28.052752 -0.035484 0.999141 -0.021393 103.150116 0.350743 0.032495 0.935908 8.236627 0.000000 0.000000 0.000000 1.000000
0.937109 0.024353 -0.348185 -28.518663 -0.034923 0.999099 -0.024112 103.165642 0.347284 0.034755 0.937116 8.356506 0.000000 0.000000 0.000000 1.000000
0.937940 0.022920 -0.346040 -28.917789 -0.034103 0.999073 -0.026262 103.174179 0.345117 0.036433 0.937852 8.468508 0.000000 0.000000 0.000000 1.000000
0.938411 0.021431 -0.344855 -29.256298 -0.033028 0.999068 -0.027787 103.174927 0.343938 0.037465 0.938245 8.574884 0.000000 0.000000 0.000000 1.000000
0.938645 0.020021 -0.344302 -29.539091 -0.031854 0.999079 -0.028747 103.171089 0.343410 0.037950 0.938419 8.677206 0.000000 0.000000 0.000000 1.000000
0.938733 0.018812 -0.344132 -29.769228 -0.030756 0.999098 -0.029283 103.166306 0.343271 0.038073 0.938464 8.776295 0.000000 0.000000 0.000000 1.000000
0.938716 0.017906 -0.344226 -29.948050 -0.029893 0.999116 -0.029546 103.163101 0.343393 0.038025 0.938422 8.871471 0.000000 0.000000 0.000000 1.000000
0.938598 0.017280 -0.344578 -30.076775 -0.029302 0.999129 -0.029710 103.162651 0.343765 0.037983 0.938287 8.959949 0.000000 0.000000 0.000000 1.000000
0.938372 0.016818 -0.345218 -30.157726 -0.028925 0.999133 -0.029950 103.163704 0.344414 0.038089 0.938045 9.039000 0.000000 0.000000 0.000000 1.000000
0.938037 0.016431 -0.346147 -30.194818 -0.028708 0.999126 -0.030368 103.163536 0.345345 0.038423 0.937689 9.107119 0.000000 0.000000 0.000000 1.000000
0.937605 0.016074 -0.347330 -30.193655 -0.028614 0.999110 -0.031006 103.161369 0.346522 0.039010 0.937230 9.163342 0.000000 0.000000 0.000000 1.000000
0.937103 0.015689 -0.348701 -30.161488 -0.028571 0.999085 -0.031832 103.157928 0.347882 0.039792 0.936693 9.208152 0.000000 0.000000 0.000000 1.000000
0.936563 0.015320 -0.350165 -30.106245 -0.028579 0.999056 -0.032728 103.152794 0.349333 0.040659 0.936116 9.244612 0.000000 0.000000 0.000000 1.000000
0.936019 0.015029 -0.351627 -30.035763 -0.028649 0.999026 -0.033562 103.146149 0.350780 0.041489 0.935538 9.276467 0.000000 0.000000 0.000000 1.000000
0.935500 0.014950 -0.353010 -29.957100 -0.028880 0.998997 -0.034225 103.139069 0.352145 0.042213 0.934993 9.306790 0.000000 0.000000 0.000000 1.000000
0.935020 0.015124 -0.354273 -29.876123 -0.029280 0.998971 -0.034630 103.130348 0.353385 0.042753 0.934501 9.338322 0.000000 0.000000 0.000000 1.000000
0.934579 0.015513 -0.355417 -29.796804 -0.029800 0.998951 -0.034758 103.119064 0.354505 0.043076 0.934061 9.371751 0.000000 0.000000 0.000000 1.000000
0.934165 0.016036 -0.356481 -29.720707 -0.030373 0.998938 -0.034658 103.105713 0.355546 0.043204 0.933660 9.405768 0.000000 0.000000 0.000000 1.000000
0.933765 0.016629 -0.357500 -29.646860 -0.030950 0.998930 -0.034375 103.089981 0.356546 0.043163 0.933280 9.439833 0.000000 0.000000 0.000000 1.000000
0.933374 0.017182 -0.358495 -29.573339 -0.031451 0.998927 -0.034008 103.071609 0.357525 0.043017 0.932912 9.473537 0.000000 0.000000 0.000000 1.000000
0.932989 0.017648 -0.359473 -29.497639 -0.031850 0.998927 -0.033623 103.053955 0.358493 0.042820 0.932550 9.505412 0.000000 0.000000 0.000000 1.000000
0.932613 0.018047 -0.360426 -29.417704 -0.032168 0.998930 -0.033218 103.039520 0.359441 0.042574 0.932196 9.534471 0.000000 0.000000 0.000000 1.000000
0.932257 0.018282 -0.361334 -29.333635 -0.032302 0.998940 -0.032798 103.027412 0.360351 0.042248 0.931859 9.561151 0.000000 0.000000 0.000000 1.000000</float_array>
        <technique_common>
          <accessor source="#mixamorig_Hips-Matrix-animation-output-transform-array" count="101" stride="16">
            <param type="float4x4"/>
          </accessor>
        </technique_common>
      </source>
      <source id="mixamorig_Hips-Interpolations">
        <Name_array id="mixamorig_Hips-Interpolations-array" count="101">
 LINEAR LINEAR LINEAR LINEAR LINEAR LINEAR LINEAR LINEAR LINEAR LINEAR LINEAR
LINEAR LINEAR LINEAR LINEAR LINEAR LINEAR LINEAR LINEAR LINEAR LINEAR LINEAR LINEAR
LINEAR LINEAR LINEAR LINEAR LINEAR LINEAR LINEAR LINEAR LINEAR LINEAR LINEAR LINEAR
LINEAR LINEAR LINEAR LINEAR LINEAR LINEAR LINEAR LINEAR LINEAR LINEAR LINEAR LINEAR
LINEAR LINEAR LINEAR LINEAR LINEAR LINEAR LINEAR LINEAR LINEAR LINEAR LINEAR LINEAR
LINEAR LINEAR LINEAR LINEAR LINEAR LINEAR LINEAR LINEAR LINEAR LINEAR LINEAR LINEAR
LINEAR LINEAR LINEAR LINEAR LINEAR LINEAR LINEAR LINEAR LINEAR LINEAR LINEAR LINEAR
LINEAR LINEAR LINEAR LINEAR LINEAR LINEAR LINEAR LINEAR LINEAR LINEAR LINEAR LINEAR
LINEAR LINEAR LINEAR LINEAR LINEAR LINEAR</Name_array>
        <technique_common>
          <accessor source="#mixamorig_Hips-Interpolations-array" count="101">
            <param type="name"/>
          </accessor>
        </technique_common>
      </source>
      <sampler id="mixamorig_Hips-Matrix-animation-transform">
        <input semantic="INPUT" source="#mixamorig_Hips-Matrix-animation-input"/>
        <input semantic="OUTPUT" source="#mixamorig_Hips-Matrix-animation-output-transform"/>
        <input semantic="INTERPOLATION" source="#mixamorig_Hips-Interpolations"/>
      </sampler>
      <channel source="#mixamorig_Hips-Matrix-animation-transform" target="mixamorig_Hips/matrix"/>
    </animation>
    <animation id="mixamorig_Spine-anim" name="mixamorig_Spine">
      <source id="mixamorig_Spine-Matrix-animation-input">
        <float_array id="mixamorig_Spine-Matrix-animation-input-array" count="101">

0.000000 0.033333 0.066667 0.100000 0.133333 0.166667 0.200000 0.233333 0.266667 0.300000 0.333333 0.366667 0.400000 0.433333 0.466667 0.500000
0.533333 0.566667 0.600000 0.633333 0.666667 0.700000 0.733333 0.766667 0.800000 0.833333 0.866667 0.900000 0.933333 0.966667 1.000000 1.033333
1.066667 1.100000 1.133333 1.166667 1.200000 1.233333 1.266667 1.300000 1.333333 1.366667 1.400000 1.433333 1.466667 1.500000 1.533333 1.566667
1.600000 1.633333 1.666667 1.700000 1.733333 1.766667 1.800000 1.833333 1.866667 1.900000 1.933333 1.966667 2.000000 2.033333 2.066667 2.100000
2.133333 2.166667 2.200000 2.233333 2.266667 2.300000 2.333333 2.366667 2.400000 2.433333 2.466667 2.500000 2.533333 2.566667 2.600000 2.633333
2.666667 2.700000 2.733333 2.766667 2.800000 2.833333 2.866667 2.900000 2.933333 2.966667 3.000000 3.033333 3.066667 3.100000 3.133333 3.166667
3.200000 3.233333 3.266667 3.300000 3.333333</float_array>
        <technique_common>
          <accessor source="#mixamorig_Spine-Matrix-animation-input-array" count="101">
            <param name="TIME" type="float"/>
          </accessor>
        </technique_common>
      </source>
      <source id="mixamorig_Spine-Matrix-animation-output-transform">
        <float_array id="mixamorig_Spine-Matrix-animation-output-transform-array" count="1616">

0.998129 -0.060112 0.011153 -0.038100 0.061130 0.984157 -0.166431 9.490500 -0.000972 0.166801 0.985990 -1.392100 0.000000 0.000000 0.000000 1.000000
0.998145 -0.059834 0.011266 -0.038100 0.060875 0.984165 -0.166471 9.490500 -0.001127 0.166848 0.985982 -1.392100 0.000000 0.000000 0.000000 1.000000
0.998167 -0.059441 0.011368 -0.038100 0.060505 0.984170 -0.166580 9.490500 -0.001287 0.166962 0.985962 -1.392100 0.000000 0.000000 0.000000 1.000000
0.998191 -0.059022 0.011482 -0.038100 0.060110 0.984184 -0.166641 9.490500 -0.001465 0.167030 0.985951 -1.392100 0.000000 0.000000 0.000000 1.000000
0.998209 -0.058681 0.011622 -0.038100 0.059798 0.984202 -0.166642 9.490500 -0.001659 0.167039 0.985949 -1.392100 0.000000 0.000000 0.000000 1.000000
0.998215 -0.058543 0.011843 -0.038100 0.059698 0.984225 -0.166545 9.490500 -0.001907 0.166955 0.985963 -1.392100 0.000000 0.000000 0.000000 1.000000
0.998202 -0.058678 0.012206 -0.038100 0.059892 0.984256 -0.166293 9.490500 -0.002256 0.166726 0.986001 -1.392100 0.000000 0.000000 0.000000 1.000000
0.998171 -0.059104 0.012680 -0.038100 0.060390 0.984297 -0.165872 9.490500 -0.002677 0.166334 0.986066 -1.392100 0.000000 0.000000 0.000000 1.000000
0.998124 -0.059776 0.013219 -0.038100 0.061140 0.984358 -0.165231 9.490500 -0.003135 0.165730 0.986166 -1.392100 0.000000 0.000000 0.000000 1.000000
0.998069 -0.060570 0.013754 -0.038100 0.062008 0.984451 -0.164350 9.490500 -0.003586 0.164885 0.986306 -1.392100 0.000000 0.000000 0.000000 1.000000
0.998014 -0.061359 0.014248 -0.038100 0.062864 0.984571 -0.163302 9.490500 -0.004008 0.163874 0.986473 -1.392100 0.000000 0.000000 0.000000 1.000000
0.997963 -0.062070 0.014719 -0.038100 0.063638 0.984691 -0.162277 9.490500 -0.004421 0.162883 0.986636 -1.392100 0.000000 0.000000 0.000000 1.000000
0.997917 -0.062684 0.015238 -0.038100 0.064324 0.984771 -0.161518 9.490500 -0.004881 0.162162 0.986752 -1.392100 0.000000 0.000000 0.000000 1.000000
0.997872 -0.063244 0.015893 -0.038100 0.064982 0.984770 -0.161262 9.490500 -0.005452 0.161952 0.986784 -1.392100 0.000000 0.000000 0.000000 1.000000
0.997821 -0.063816 0.016735 -0.038100 0.065685 0.984662 -0.161637 9.490500 -0.006163 0.162384 0.986708 -1.392100 0.000000 0.000000 0.000000 1.000000
0.997771 -0.064348 0.017667 -0.038100 0.066368 0.984468 -0.162535 9.490500 -0.006934 0.163345 0.986545 -1.392100 0.000000 0.000000 0.000000 1.000000
0.997745 -0.064564 0.018366 -0.038100 0.066703 0.984276 -0.163557 9.490500 -0.007517 0.164413 0.986363 -1.392100 0.000000 0.000000 0.000000 1.000000
0.997786 -0.063936 0.018335 -0.038100 0.066083 0.984220 -0.164146 9.490500 -0.007551 0.164995 0.986266 -1.392100 0.000000 0.000000 0.000000 1.000000
0.997946 -0.061751 0.017035 -0.038100 0.063711 0.984439 -0.163770 9.490500 -0.006657 0.164519 0.986351 -1.392100 0.000000 0.000000 0.000000 1.000000
0.998253 -0.057390 0.014062 -0.038100 0.058912 0.985011 -0.162118 9.490500 -0.004547 0.162663 0.986671 -1.392100 0.000000 0.000000 0.000000 1.000000
0.998690 -0.050305 0.009412 -0.038100 0.051162 0.985927 -0.159156 9.490500 -0.001273 0.159429 0.987209 -1.392100 0.000000 0.000000 0.000000 1.000000
0.999183 -0.040248 0.003588 -0.038100 0.040317 0.987055 -0.155232 9.490500 0.002707 0.155250 0.987872 -1.392100 0.000000 0.000000 0.000000 1.000000
0.999614 -0.027644 -0.002766 -0.038100 0.026911 0.988194 -0.150826 9.490500 0.006903 0.150694 0.988556 -1.392100 0.000000 0.000000 0.000000 1.000000
0.999874 -0.013159 -0.008897 -0.038100 0.011716 0.989164 -0.146343 9.490500 0.010726 0.146221 0.989194 -1.392100 0.000000 0.000000 0.000000 1.000000
0.999898 0.002302 -0.014124 -0.038100 -0.004286 0.989850 -0.142054 9.490500 0.013653 0.142100 0.989758 -1.392100 0.000000 0.000000 0.000000 1.000000
0.999683 0.017523 -0.018091 -0.038100 -0.019854 0.990234 -0.137994 9.490500 0.015496 0.138310 0.990268 -1.392100 0.000000 0.000000 0.000000 1.000000
0.999299 0.031165 -0.020734 -0.038100 -0.033669 0.990403 -0.134044 9.490500 0.016357 0.134648 0.990758 -1.392100 0.000000 0.000000 0.000000 1.000000
0.998837 0.042710 -0.022352 -0.038100 -0.045264 0.990470 -0.130075 9.490500 0.016584 0.130936 0.991252 -1.392100 0.000000 0.000000 0.000000 1.000000
0.998363 0.052249 -0.023256 -0.038100 -0.054772 0.990533 -0.125873 9.490500 0.016459 0.126941 0.991774 -1.392100 0.000000 0.000000 0.000000 1.000000
0.997897 0.060412 -0.023485 -0.038100 -0.062824 0.990650 -0.121106 9.490500 0.015949 0.122327 0.992362 -1.392100 0.000000 0.000000 0.000000 1.000000
0.997347 0.069206 -0.022588 -0.038100 -0.071362 0.990756 -0.115370 9.490500 0.014394 0.116676 0.993066 -1.392100 0.000000 0.000000 0.000000 1.000000
0.996811 0.076790 -0.021696 -0.038100 -0.078703 0.990967 -0.108583 9.490500 0.013162 0.109944 0.993851 -1.392100 0.000000 0.000000 0.000000 1.000000
0.996462 0.081273 -0.021385 -0.038100 -0.083028 0.991419 -0.100964 9.490500 0.012996 0.102382 0.994660 -1.392100 0.000000 0.000000 0.000000 1.000000
0.996384 0.082261 -0.021279 -0.038100 -0.083895 0.992129 -0.092959 9.490500 0.013464 0.094408 0.995443 -1.392100 0.000000 0.000000 0.000000 1.000000
0.996609 0.079657 -0.020620 -0.038100 -0.081131 0.993088 -0.084813 9.490500 0.013722 0.086198 0.996184 -1.392100 0.000000 0.000000 0.000000 1.000000
0.997087 0.073867 -0.018992 -0.038100 -0.075114 0.994233 -0.076539 9.490500 0.013229 0.077742 0.996886 -1.392100 0.000000 0.000000 0.000000 1.000000
0.997678 0.066129 -0.016294 -0.038100 -0.067089 0.995430 -0.067953 9.490500 0.011726 0.068888 0.997555 -1.392100 0.000000 0.000000 0.000000 1.000000
0.998245 0.057878 -0.012526 -0.038100 -0.058517 0.996556 -0.058748 9.490500 0.009083 0.059378 0.998194 -1.392100 0.000000 0.000000 0.000000 1.000000
0.998663 0.051101 -0.007761 -0.038100 -0.051419 0.997490 -0.048673 9.490500 0.005255 0.049007 0.998785 -1.392100 0.000000 0.000000 0.000000 1.000000
0.998959 0.045555 -0.002535 -0.038100 -0.045618 0.998242 -0.037832 9.490500 0.000807 0.037908 0.999281 -1.392100 0.000000 0.000000 0.000000 1.000000
0.999103 0.042248 0.002917 -0.038100 -0.042157 0.998765 -0.026303 9.490500 -0.004025 0.026156 0.999650 -1.392100 0.000000 0.000000 0.000000 1.000000
0.999093 0.041748 0.008430 -0.038100 -0.041625 0.999031 -0.014279 9.490500 -0.009018 0.013915 0.999863 -1.392100 0.000000 0.000000 0.000000 1.000000
0.999096 0.040364 0.013350 -0.038100 -0.040338 0.999184 -0.002199 9.490500 -0.013428 0.001659 0.999908 -1.392100 0.000000 0.000000 0.000000 1.000000
0.999137 0.037640 0.017541 -0.038100 -0.037817 0.999236 0.009822 9.490500 -0.017158 -0.010477 0.999798 -1.392100 0.000000 0.000000 0.000000 1.000000
0.999216 0.033566 0.020998 -0.038100 -0.034022 0.999184 0.021752 9.490500 -0.020251 -0.022449 0.999543 -1.392100 0.000000 0.000000 0.000000 1.000000
0.999307 0.028536 0.023893 -0.038100 -0.029330 0.999006 0.033563 9.490500 -0.022912 -0.034240 0.999151 -1.392100 0.000000 0.000000 0.000000 1.000000
0.999383 0.023026 0.026507 -0.038100 -0.024207 0.998688 0.045128 9.490500 -0.025433 -0.045741 0.998630 -1.392100 0.000000 0.000000 0.000000 1.000000
0.999429 0.017079 0.029150 -0.038100 -0.018697 0.998246 0.056169 9.490500 -0.028140 -0.056682 0.997996 -1.392100 0.000000 0.000000 0.000000 1.000000
0.999393 0.012622 0.032457 -0.038100 -0.014754 0.997690 0.066316 9.490500 -0.031545 -0.066754 0.997271 -1.392100 0.000000 0.000000 0.000000 1.000000
0.999281 0.009917 0.036602 -0.038100 -0.012643 0.997102 0.075024 9.490500 -0.035752 -0.075433 0.996510 -1.392100 0.000000 0.000000 0.000000 1.000000
0.999113 0.008434 0.041256 -0.038100 -0.011788 0.996585 0.081732 9.490500 -0.040426 -0.082146 0.995800 -1.392100 0.000000 0.000000 0.000000 1.000000
0.998930 0.007376 0.045647 -0.038100 -0.011289 0.996225 0.086074 9.490500 -0.044840 -0.086497 0.995243 -1.392100 0.000000 0.000000 0.000000 1.000000
0.998796 0.005572 0.048731 -0.038100 -0.009854 0.996065 0.088072 9.490500 -0.048049 -0.088446 0.994921 -1.392100 0.000000 0.000000 0.000000 1.000000
0.998766 0.004001 0.049507 -0.038100 -0.008348 0.996092 0.087922 9.490500 -0.048962 -0.088227 0.994896 -1.392100 0.000000 0.000000 0.000000 1.000000
0.998868 0.003442 0.047443 -0.038100 -0.007531 0.996243 0.086276 9.490500 -0.046968 -0.086535 0.995141 -1.392100 0.000000 0.000000 0.000000 1.000000
0.999087 0.003902 0.042542 -0.038100 -0.007469 0.996436 0.084021 9.490500 -0.042063 -0.084262 0.995555 -1.392100 0.000000 0.000000 0.000000 1.000000
0.999364 0.005272 0.035278 -0.038100 -0.008151 0.996601 0.081978 9.490500 -0.034726 -0.082214 0.996010 -1.392100 0.000000 0.000000 0.000000 1.000000
0.999625 0.007364 0.026386 -0.038100 -0.009474 0.996689 0.080753 9.490500 -0.025704 -0.080972 0.996385 -1.392100 0.000000 0.000000 0.000000 1.000000
0.999816 0.009654 0.016595 -0.038100 -0.010962 0.996680 0.080673 9.490500 -0.015761 -0.080840 0.996602 -1.392100 0.000000 0.000000 0.000000 1.000000
0.999910 0.011727 0.006505 -0.038100 -0.012220 0.996572 0.081821 9.490500 -0.005523 -0.081894 0.996626 -1.392100 0.000000 0.000000 0.000000 1.000000
0.999906 0.013264 -0.003447 -0.038100 -0.012927 0.996376 0.084075 9.490500 0.004550 -0.084022 0.996454 -1.392100 0.000000 0.000000 0.000000 1.000000
0.999816 0.014199 -0.012933 -0.038100 -0.013018 0.996107 0.087190 9.490500 0.014120 -0.087005 0.996108 -1.392100 0.000000 0.000000 0.000000 1.000000
0.999660 0.014513 -0.021645 -0.038100 -0.012488 0.995778 0.090940 9.490500 0.022873 -0.090639 0.995621 -1.392100 0.000000 0.000000 0.000000 1.000000
0.999492 0.012536 -0.029304 -0.038100 -0.009698 0.995426 0.095047 9.490500 0.030362 -0.094715 0.995041 -1.392100 0.000000 0.000000 0.000000 1.000000
0.999335 0.008486 -0.035464 -0.038100 -0.004927 0.995049 0.099268 9.490500 0.036131 -0.099027 0.994429 -1.392100 0.000000 0.000000 0.000000 1.000000
0.999209 0.004465 -0.039506 -0.038100 -0.000351 0.994626 0.103532 9.490500 0.039756 -0.103436 0.993841 -1.392100 0.000000 0.000000 0.000000 1.000000
0.999157 0.000943 -0.041038 -0.038100 0.003492 0.994161 0.107847 9.490500 0.040900 -0.107900 0.993320 -1.392100 0.000000 0.000000 0.000000 1.000000
0.999191 -0.002308 -0.040153 -0.038100 0.006807 0.993654 0.112270 9.490500 0.039639 -0.112453 0.992866 -1.392100 0.000000 0.000000 0.000000 1.000000
0.999285 -0.005622 -0.037386 -0.038100 0.009959 0.993099 0.116854 9.490500 0.036471 -0.117142 0.992445 -1.392100 0.000000 0.000000 0.000000 1.000000
0.999400 -0.008971 -0.033442 -0.038100 0.012979 0.992493 0.121611 9.490500 0.032100 -0.121972 0.992014 -1.392100 0.000000 0.000000 0.000000 1.000000
0.999498 -0.012362 -0.029155 -0.038100 0.015960 0.991824 0.126609 9.490500 0.027351 -0.127011 0.991524 -1.392100 0.000000 0.000000 0.000000 1.000000
0.999558 -0.015720 -0.025245 -0.038100 0.018917 0.991086 0.131877 9.490500 0.022947 -0.132296 0.990945 -1.392100 0.000000 0.000000 0.000000 1.000000
0.999573 -0.019020 -0.022169 -0.038100 0.021889 0.990277 0.137378 9.490500 0.019341 -0.137805 0.990271 -1.392100 0.000000 0.000000 0.000000 1.000000
0.999541 -0.022573 -0.020202 -0.038100 0.025235 0.989390 0.143076 9.490500 0.016758 -0.143520 0.989506 -1.392100 0.000000 0.000000 0.000000 1.000000
0.999457 -0.026624 -0.019429 -0.038100 0.029225 0.988410 0.148966 9.490500 0.015237 -0.149453 0.988651 -1.392100 0.000000 0.000000 0.000000 1.000000
0.999332 -0.030843 -0.019609 -0.038100 0.033514 0.987350 0.154971 9.490500 0.014581 -0.155524 0.987724 -1.392100 0.000000 0.000000 0.000000 1.000000
0.999180 -0.034977 -0.020402 -0.038100 0.037810 0.986244 0.160916 9.490500 0.014493 -0.161556 0.986757 -1.392100 0.000000 0.000000 0.000000 1.000000
0.999011 -0.038929 -0.021486 -0.038100 0.041970 0.985135 0.166578 9.490500 0.014682 -0.167315 0.985794 -1.392100 0.000000 0.000000 0.000000 1.000000
0.998839 -0.042551 -0.022569 -0.038100 0.045802 0.984082 0.171709 9.490500 0.014903 -0.172543 0.984889 -1.392100 0.000000 0.000000 0.000000 1.000000
0.998678 -0.045740 -0.023472 -0.038100 0.049167 0.983148 0.176073 9.490500 0.015023 -0.176995 0.984097 -1.392100 0.000000 0.000000 0.000000 1.000000
0.998539 -0.048364 -0.024093 -0.038100 0.051913 0.982389 0.179489 9.490500 0.014988 -0.180478 0.983465 -1.392100 0.000000 0.000000 0.000000 1.000000
0.998438 -0.050263 -0.024406 -0.038100 0.053874 0.981840 0.181903 9.490500 0.014820 -0.182934 0.983014 -1.392100 0.000000 0.000000 0.000000 1.000000
0.998366 -0.051592 -0.024567 -0.038100 0.055233 0.981476 0.183452 9.490500 0.014647 -0.184510 0.982722 -1.392100 0.000000 0.000000 0.000000 1.000000
0.998310 -0.052600 -0.024691 -0.038100 0.056261 0.981242 0.184386 9.490500 0.014529 -0.185464 0.982544 -1.392100 0.000000 0.000000 0.000000 1.000000
0.998260 -0.053443 -0.024900 -0.038100 0.057137 0.981077 0.184993 9.490500 0.014543 -0.186094 0.982424 -1.392100 0.000000 0.000000 0.000000 1.000000
0.998205 -0.054303 -0.025275 -0.038100 0.058060 0.980927 0.185503 9.490500 0.014719 -0.186637 0.982319 -1.392100 0.000000 0.000000 0.000000 1.000000
0.998136 -0.055325 -0.025774 -0.038100 0.059166 0.980765 0.186010 9.490500 0.014988 -0.187188 0.982210 -1.392100 0.000000 0.000000 0.000000 1.000000
0.998058 -0.056465 -0.026317 -0.038100 0.060395 0.980591 0.186532 9.490500 0.015274 -0.187759 0.982096 -1.392100 0.000000 0.000000 0.000000 1.000000
0.997970 -0.057736 -0.026886 -0.038100 0.061759 0.980405 0.187063 9.490500 0.015559 -0.188344 0.981980 -1.392100 0.000000 0.000000 0.000000 1.000000
0.997869 -0.059164 -0.027506 -0.038100 0.063288 0.980207 0.187589 9.490500 0.015863 -0.188930 0.981862 -1.392100 0.000000 0.000000 0.000000 1.000000
0.997765 -0.060603 -0.028142 -0.038100 0.064829 0.980011 0.188084 9.490500 0.016182 -0.189488 0.981750 -1.392100 0.000000 0.000000 0.000000 1.000000
0.997661 -0.062005 -0.028783 -0.038100 0.066335 0.979826 0.188521 9.490500 0.016513 -0.189990 0.981647 -1.392100 0.000000 0.000000 0.000000 1.000000
0.997552 -0.063433 -0.029450 -0.038100 0.067871 0.979649 0.188896 9.490500 0.016868 -0.190432 0.981555 -1.392100 0.000000 0.000000 0.000000 1.000000
0.997446 -0.064782 -0.030095 -0.038100 0.069324 0.979485 0.189215 9.490500 0.017219 -0.190818 0.981474 -1.392100 0.000000 0.000000 0.000000 1.000000
0.997346 -0.066012 -0.030700 -0.038100 0.070653 0.979333 0.189515 9.490500 0.017555 -0.191181 0.981398 -1.392100 0.000000 0.000000 0.000000 1.000000
0.997252 -0.067161 -0.031284 -0.038100 0.071900 0.979174 0.189865 9.490500 0.017881 -0.191592 0.981312 -1.392100 0.000000 0.000000 0.000000 1.000000
0.997166 -0.068176 -0.031818 -0.038100 0.073007 0.979003 0.190323 9.490500 0.018174 -0.192107 0.981206 -1.392100 0.000000 0.000000 0.000000 1.000000
0.997089 -0.069075 -0.032287 -0.038100 0.073991 0.978817 0.190902 9.490500 0.018416 -0.192735 0.981078 -1.392100 0.000000 0.000000 0.000000 1.000000
0.997010 -0.069992 -0.032748 -0.038100 0.074994 0.978602 0.191609 9.490500 0.018636 -0.193492 0.980925 -1.392100 0.000000 0.000000 0.000000 1.000000
0.996931 -0.070894 -0.033217 -0.038100 0.075985 0.978366 0.192421 9.490500 0.018857 -0.194355 0.980750 -1.392100 0.000000 0.000000 0.000000 1.000000
0.996860 -0.071679 -0.033645 -0.038100 0.076854 0.978141 0.193221 9.490500 0.019060 -0.195200 0.980578 -1.392100 0.000000 0.000000 0.000000 1.000000</float_array>
        <technique_common>
          <accessor source="#mixamorig_Spine-Matrix-animation-output-transform-array" count="101" stride="16">
            <param type="float4x4"/>
          </accessor>
        </technique_common>
      </source>
      <source id="mixamorig_Spine-Interpolations">
        <Name_array id="mixamorig_Spine-Interpolations-array" count="101">
 LINEAR LINEAR LINEAR LINEAR LINEAR LINEAR LINEAR LINEAR LINEAR LINEAR LINEAR
LINEAR LINEAR LINEAR LINEAR LINEAR LINEAR LINEAR LINEAR LINEAR LINEAR LINEAR LINEAR
LINEAR LINEAR LINEAR LINEAR LINEAR LINEAR LINEAR LINEAR LINEAR LINEAR LINEAR LINEAR
LINEAR LINEAR LINEAR LINEAR LINEAR LINEAR LINEAR LINEAR LINEAR LINEAR LINEAR LINEAR
LINEAR LINEAR LINEAR LINEAR LINEAR LINEAR LINEAR LINEAR LINEAR LINEAR LINEAR LINEAR
LINEAR LINEAR LINEAR LINEAR LINEAR LINEAR LINEAR LINEAR LINEAR LINEAR LINEAR LINEAR
LINEAR LINEAR LINEAR LINEAR LINEAR LINEAR LINEAR LINEAR LINEAR LINEAR LINEAR LINEAR
LINEAR LINEAR LINEAR LINEAR LINEAR LINEAR LINEAR LINEAR LINEAR LINEAR LINEAR LINEAR
LINEAR LINEAR LINEAR LINEAR LINEAR LINEAR</Name_array>
        <technique_common>
          <accessor source="#mixamorig_Spine-Interpolations-array" count="101">
            <param type="name"/>
          </accessor>
        </technique_common>
      </source>
      <sampler id="mixamorig_Spine-Matrix-animation-transform">
        <input semantic="INPUT" source="#mixamorig_Spine-Matrix-animation-input"/>
        <input semantic="OUTPUT" source="#mixamorig_Spine-Matrix-animation-output-transform"/>
        <input semantic="INTERPOLATION" source="#mixamorig_Spine-Interpolations"/>
      </sampler>
      <channel source="#mixamorig_Spine-Matrix-animation-transform" target="mixamorig_Spine/matrix"/>
    </animation>
    <animation id="mixamorig_Spine1-anim" name="mixamorig_Spine1">
      <source id="mixamorig_Spine1-Matrix-animation-input">
        <float_array id="mixamorig_Spine1-Matrix-animation-input-array" count="101">

0.000000 0.033333 0.066667 0.100000 0.133333 0.166667 0.200000 0.233333 0.266667 0.300000 0.333333 0.366667 0.400000 0.433333 0.466667 0.500000
0.533333 0.566667 0.600000 0.633333 0.666667 0.700000 0.733333 0.766667 0.800000 0.833333 0.866667 0.900000 0.933333 0.966667 1.000000 1.033333
1.066667 1.100000 1.133333 1.166667 1.200000 1.233333 1.266667 1.300000 1.333333 1.366667 1.400000 1.433333 1.466667 1.500000 1.533333 1.566667
1.600000 1.633333 1.666667 1.700000 1.733333 1.766667 1.800000 1.833333 1.866667 1.900000 1.933333 1.966667 2.000000 2.033333 2.066667 2.100000
2.133333 2.166667 2.200000 2.233333 2.266667 2.300000 2.333333 2.366667 2.400000 2.433333 2.466667 2.500000 2.533333 2.566667 2.600000 2.633333
2.666667 2.700000 2.733333 2.766667 2.800000 2.833333 2.866667 2.900000 2.933333 2.966667 3.000000 3.033333 3.066667 3.100000 3.133333 3.166667
3.200000 3.233333 3.266667 3.300000 3.333333</float_array>
        <technique_common>
          <accessor source="#mixamorig_Spine1-Matrix-animation-input-array" count="101">
            <param name="TIME" type="float"/>
          </accessor>
        </technique_common>
      </source>
      <source id="mixamorig_Spine1-Matrix-animation-output-transform">
        <float_array id="mixamorig_Spine1-Matrix-animation-output-transform-array" count="1616">

0.999783 -0.019695 0.006845 0.000000 0.020782 0.967858 -0.250638 11.190800 -0.001689 0.250725 0.968057 0.000000 0.000000 0.000000 0.000000 1.000000
0.999787 -0.019352 0.007209 0.000000 0.020541 0.967860 -0.250651 11.190800 -0.002127 0.250745 0.968051 0.000000 0.000000 0.000000 0.000000 1.000000
0.999793 -0.018892 0.007571 -0.000000 0.020187 0.967846 -0.250733 11.190800 -0.002590 0.250834 0.968027 0.000000 0.000000 0.000000 0.000000 1.000000
0.999800 -0.018371 0.007930 0.000000 0.019773 0.967827 -0.250837 11.190800 -0.003067 0.250944 0.967997 0.000000 0.000000 0.000000 0.000000 1.000000
0.999806 -0.017862 0.008303 0.000000 0.019374 0.967826 -0.250875 11.190800 -0.003555 0.250987 0.967984 0.000000 0.000000 0.000000 0.000000 1.000000
0.999810 -0.017448 0.008707 -0.000000 0.019074 0.967833 -0.250870 11.190800 -0.004050 0.250989 0.967982 0.000000 0.000000 0.000000 0.000000 1.000000
0.999810 -0.017207 0.009135 0.000000 0.018949 0.967859 -0.250779 11.190800 -0.004526 0.250905 0.968001 -0.000000 0.000000 0.000000 0.000000 1.000000
