<?xml version="1.0" encoding="utf-8"?>
<COLLADA xmlns="http://www.collada.org/2005/11/COLLADASchema" version="1.4.1">
  <asset>
    <contributor>
      <author>Mixamo</author>
      <authoring_tool>COLLADA Mixamo exporter</authoring_tool>
      <comments/>
    </contributor>
    <created>2022-12-13T12:19:34Z</created>
    <modified>2022-12-13T12:19:34Z</modified>
    <revision/>
    <title/>
    <unit meter="0.010000"/>
    <up_axis>Y_UP</up_axis>
  </asset>
  <library_animations>
    <animation id="mixamorig_Hips-anim" name="mixamorig_Hips">
      <source id="mixamorig_Hips-Matrix-animation-input">
        <float_array id="mixamorig_Hips-Matrix-animation-input-array" count="122">

0.000000 0.033333 0.066667 0.100000 0.133333 0.166667 0.200000 0.233333 0.266667 0.300000 0.333333 0.366667 0.400000 0.433333 0.466667 0.500000
0.533333 0.566667 0.600000 0.633333 0.666667 0.700000 0.733333 0.766667 0.800000 0.833333 0.866667 0.900000 0.933333 0.966667 1.000000 1.033333
1.066667 1.100000 1.133333 1.166667 1.200000 1.233333 1.266667 1.300000 1.333333 1.366667 1.400000 1.433333 1.466667 1.500000 1.533333 1.566667
1.600000 1.633333 1.666667 1.700000 1.733333 1.766667 1.800000 1.833333 1.866667 1.900000 1.933333 1.966667 2.000000 2.033333 2.066667 2.100000
2.133333 2.166667 2.200000 2.233333 2.266667 2.300000 2.333333 2.366667 2.400000 2.433333 2.466667 2.500000 2.533333 2.566667 2.600000 2.633333
2.666667 2.700000 2.733333 2.766667 2.800000 2.833333 2.866667 2.900000 2.933333 2.966667 3.000000 3.033333 3.066667 3.100000 3.133333 3.166667
3.200000 3.233333 3.266667 3.300000 3.333333 3.366667 3.400000 3.433333 3.466667 3.500000 3.533333 3.566667 3.600000 3.633333 3.666667 3.700000
3.733333 3.766667 3.800000 3.833333 3.866667 3.900000 3.933333 3.966667 4.000000 4.033333</float_array>
        <technique_common>
          <accessor source="#mixamorig_Hips-Matrix-animation-input-array" count="122">
            <param name="TIME" type="float"/>
          </accessor>
        </technique_common>
      </source>
      <source id="mixamorig_Hips-Matrix-animation-output-transform">
        <float_array id="mixamorig_Hips-Matrix-animation-output-transform-array" count="1952">

0.918633 0.025564 0.394284 -0.335174 0.004801 0.997109 -0.075834 90.784935 -0.395083 0.071557 0.915854 -2.610279 0.000000 0.000000 0.000000 1.000000
0.924600 0.030679 0.379702 0.068231 -0.002133 0.997153 -0.075373 90.641953 -0.380933 0.068880 0.922033 -2.128124 0.000000 0.000000 0.000000 1.000000
0.933976 0.035114 0.355606 0.609629 -0.009463 0.997242 -0.073617 90.505981 -0.357210 0.065391 0.931732 -1.513539 0.000000 0.000000 0.000000 1.000000
0.946790 0.039787 0.319384 1.324898 -0.017894 0.997302 -0.071194 90.308899 -0.321355 0.061691 0.944947 -0.787199 0.000000 0.000000 0.000000 1.000000
0.962326 0.041672 0.268685 2.239172 -0.024550 0.997466 -0.066775 90.058777 -0.270787 0.057663 0.960911 0.034977 0.000000 0.000000 0.000000 1.000000
0.978971 0.037279 0.200563 3.400485 -0.026338 0.998030 -0.056947 89.770172 -0.202290 0.050467 0.978024 0.955070 0.000000 0.000000 0.000000 1.000000
0.993346 0.026721 0.112027 4.827634 -0.022395 0.998961 -0.039698 89.431068 -0.112971 0.036925 0.992912 1.949172 0.000000 0.000000 0.000000 1.000000
0.999870 0.015948 0.002329 6.499589 -0.015904 0.999717 -0.017718 88.917030 -0.002611 0.017679 0.999840 3.010109 0.000000 0.000000 0.000000 1.000000
0.992356 0.010198 -0.122985 8.336976 -0.010015 0.999948 0.002108 88.083511 0.123000 -0.000860 0.992406 4.127908 0.000000 0.000000 0.000000 1.000000
0.967855 0.009479 -0.251331 10.270358 -0.006516 0.999899 0.012618 86.890961 0.251425 -0.010574 0.967819 5.292237 0.000000 0.000000 0.000000 1.000000
0.930527 0.011863 -0.366032 12.266855 -0.008328 0.999902 0.011237 85.430946 0.366129 -0.007408 0.930534 6.460337 0.000000 0.000000 0.000000 1.000000
0.892384 0.016029 -0.450992 14.251565 -0.016389 0.999861 0.003107 83.997940 0.450979 0.004618 0.892523 7.466528 0.000000 0.000000 0.000000 1.000000
0.865622 0.028672 -0.499876 16.184364 -0.034531 0.999401 -0.002474 82.595131 0.499505 0.019403 0.866094 8.343851 0.000000 0.000000 0.000000 1.000000
0.854827 0.044906 -0.516967 17.884455 -0.055531 0.998444 -0.005094 81.484001 0.515934 0.033062 0.855990 8.987374 0.000000 0.000000 0.000000 1.000000
0.855125 0.054258 -0.515575 19.224180 -0.071931 0.997306 -0.014349 80.918251 0.513408 0.049356 0.856724 9.304422 0.000000 0.000000 0.000000 1.000000
0.859841 0.051726 -0.507934 20.190166 -0.082103 0.995916 -0.037567 80.961578 0.503917 0.074004 0.860576 9.262720 0.000000 0.000000 0.000000 1.000000
0.866526 0.042871 -0.497287 20.860905 -0.089316 0.993542 -0.069980 81.443649 0.491075 0.105055 0.864759 8.932335 0.000000 0.000000 0.000000 1.000000
0.875344 0.036184 -0.482145 21.337944 -0.095739 0.990422 -0.099487 82.105042 0.473927 0.133245 0.870425 8.452986 0.000000 0.000000 0.000000 1.000000
0.885045 0.034326 -0.464239 21.695866 -0.100531 0.987838 -0.118614 82.744186 0.454521 0.151649 0.877732 7.941649 0.000000 0.000000 0.000000 1.000000
0.893253 0.034923 -0.448196 21.974401 -0.103133 0.986307 -0.128693 83.259300 0.437564 0.161179 0.884623 7.448037 0.000000 0.000000 0.000000 1.000000
0.899070 0.036033 -0.436319 22.193644 -0.104762 0.985361 -0.134494 83.625656 0.425086 0.166629 0.889684 6.987875 0.000000 0.000000 0.000000 1.000000
0.903226 0.037316 -0.427540 22.371387 -0.106293 0.984625 -0.138617 83.851601 0.415794 0.170647 0.893306 6.582358 0.000000 0.000000 0.000000 1.000000
0.906377 0.037750 -0.420781 22.536285 -0.106544 0.984231 -0.141200 83.959061 0.408815 0.172812 0.896106 6.244148 0.000000 0.000000 0.000000 1.000000
0.908382 0.035452 -0.416635 22.735216 -0.103709 0.984368 -0.142353 83.965302 0.405076 0.172520 0.897859 5.962314 0.000000 0.000000 0.000000 1.000000
0.908936 0.029696 -0.415876 23.016157 -0.097644 0.984882 -0.143083 83.880730 0.405340 0.170661 0.898095 5.705975 0.000000 0.000000 0.000000 1.000000
0.908186 0.021764 -0.418000 23.403757 -0.090033 0.985429 -0.144305 83.713326 0.408769 0.168689 0.896912 5.454450 0.000000 0.000000 0.000000 1.000000
0.906534 0.013335 -0.421923 23.892670 -0.082418 0.985857 -0.145923 83.476929 0.414010 0.167058 0.894812 5.220499 0.000000 0.000000 0.000000 1.000000
0.903976 0.005012 -0.427554 24.462566 -0.074980 0.986295 -0.146968 83.193382 0.420958 0.164914 0.891963 5.046458 0.000000 0.000000 0.000000 1.000000
0.899944 -0.003048 -0.435994 25.092331 -0.067528 0.986935 -0.146284 82.881561 0.430744 0.161089 0.887981 4.970506 0.000000 0.000000 0.000000 1.000000
0.893981 -0.009732 -0.448000 25.766983 -0.061068 0.987790 -0.143320 82.551895 0.443925 0.155484 0.882471 4.996897 0.000000 0.000000 0.000000 1.000000
0.886486 -0.013542 -0.462557 26.484491 -0.057310 0.988664 -0.138778 82.233284 0.459193 0.149534 0.875661 5.101576 0.000000 0.000000 0.000000 1.000000
0.878386 -0.014377 -0.477735 27.252834 -0.056774 0.989332 -0.134162 81.978836 0.474567 0.144969 0.868199 5.265495 0.000000 0.000000 0.000000 1.000000
0.870389 -0.012676 -0.492201 28.081722 -0.059158 0.989734 -0.130102 81.891449 0.488797 0.142357 0.860704 5.514248 0.000000 0.000000 0.000000 1.000000
0.862786 -0.008549 -0.505497 28.936905 -0.063494 0.990108 -0.125116 82.051582 0.501567 0.140045 0.853709 5.858137 0.000000 0.000000 0.000000 1.000000
0.861147 -0.000182 -0.508357 29.737843 -0.069549 0.990555 -0.118170 82.457901 0.503577 0.137117 0.853000 6.244665 0.000000 0.000000 0.000000 1.000000
0.859894 0.009075 -0.510391 30.385044 -0.075975 0.990981 -0.110381 83.030624 0.504787 0.133693 0.852829 6.556447 0.000000 0.000000 0.000000 1.000000
0.859106 0.018850 -0.511451 30.837875 -0.082434 0.991370 -0.101929 83.658005 0.505116 0.129728 0.853246 6.687059 0.000000 0.000000 0.000000 1.000000
0.858890 0.029468 -0.511312 31.125269 -0.089397 0.991643 -0.093016 84.256783 0.504299 0.125600 0.854346 6.616714 0.000000 0.000000 0.000000 1.000000
0.859304 0.041026 -0.509817 31.309658 -0.097101 0.991736 -0.083857 84.729843 0.502163 0.121562 0.856186 6.409612 0.000000 0.000000 0.000000 1.000000
0.860345 0.053635 -0.506882 31.450558 -0.105781 0.991586 -0.074621 85.109306 0.498615 0.117819 0.858780 6.155243 0.000000 0.000000 0.000000 1.000000
0.862028 0.066418 -0.502490 31.566795 -0.114541 0.991258 -0.065475 85.459511 0.493748 0.113997 0.862100 5.897818 0.000000 0.000000 0.000000 1.000000
0.864398 0.079039 -0.496558 31.650211 -0.123106 0.990779 -0.056594 85.782516 0.487506 0.110048 0.866157 5.651060 0.000000 0.000000 0.000000 1.000000
0.867509 0.091413 -0.488950 31.673422 -0.131489 0.990146 -0.048176 86.068001 0.479728 0.106085 0.870980 5.402928 0.000000 0.000000 0.000000 1.000000
0.871374 0.103470 -0.479585 31.618647 -0.139717 0.989367 -0.040400 86.329872 0.470305 0.102210 0.876565 5.173489 0.000000 0.000000 0.000000 1.000000
0.876002 0.114898 -0.468422 31.478882 -0.147520 0.988495 -0.033414 86.568810 0.459194 0.098372 0.882873 4.979583 0.000000 0.000000 0.000000 1.000000
0.881436 0.125356 -0.455364 31.263733 -0.154600 0.987598 -0.027383 86.782715 0.446283 0.094536 0.889884 4.809829 0.000000 0.000000 0.000000 1.000000
0.887703 0.134586 -0.440306 30.982386 -0.160745 0.986740 -0.022467 86.971710 0.431444 0.090721 0.897566 4.634432 0.000000 0.000000 0.000000 1.000000
0.894809 0.142322 -0.423157 30.610025 -0.165720 0.985993 -0.018809 87.135750 0.414553 0.086956 0.905861 4.452596 0.000000 0.000000 0.000000 1.000000
0.902741 0.148323 -0.403807 30.096052 -0.169306 0.985425 -0.016540 87.275772 0.395468 0.083298 0.914695 4.317775 0.000000 0.000000 0.000000 1.000000
0.911446 0.152538 -0.382098 29.441717 -0.171442 0.985069 -0.015703 87.389236 0.373998 0.079820 0.923988 4.283286 0.000000 0.000000 0.000000 1.000000
0.920662 0.156176 -0.357757 28.763849 -0.173226 0.984754 -0.015899 87.475800 0.349820 0.076610 0.933679 4.330385 0.000000 0.000000 0.000000 1.000000
0.930171 0.159131 -0.330847 28.193645 -0.174479 0.984514 -0.017015 87.531342 0.323016 0.073553 0.943531 4.378990 0.000000 0.000000 0.000000 1.000000
0.939750 0.161162 -0.301490 27.773108 -0.174913 0.984401 -0.018994 87.554398 0.293726 0.070585 0.953280 4.380806 0.000000 0.000000 0.000000 1.000000
0.949190 0.161950 -0.269836 27.428581 -0.174158 0.984477 -0.021764 87.542191 0.262123 0.067652 0.962660 4.370939 0.000000 0.000000 0.000000 1.000000
0.958287 0.161020 -0.236134 27.071114 -0.171692 0.984828 -0.025212 87.484734 0.228492 0.064703 0.971393 4.417802 0.000000 0.000000 0.000000 1.000000
0.966676 0.159397 -0.200323 26.670910 -0.168524 0.985264 -0.029249 87.382149 0.192709 0.062033 0.979293 4.558621 0.000000 0.000000 0.000000 1.000000
0.974232 0.156298 -0.162615 26.231852 -0.163806 0.985915 -0.033748 87.237083 0.155050 0.059516 0.986112 4.773365 0.000000 0.000000 0.000000 1.000000
0.980736 0.151662 -0.123110 25.767712 -0.157438 0.986775 -0.038578 87.056854 0.115631 0.057217 0.991643 5.045293 0.000000 0.000000 0.000000 1.000000
0.985912 0.145871 -0.081848 25.289986 -0.149765 0.987759 -0.043611 86.862366 0.074485 0.055255 0.995690 5.393609 0.000000 0.000000 0.000000 1.000000
0.989474 0.139381 -0.038920 24.801569 -0.141200 0.988781 -0.048725 86.672806 0.031692 0.053708 0.998054 5.850019 0.000000 0.000000 0.000000 1.000000
0.991188 0.132352 0.005511 24.264124 -0.131868 0.989807 -0.053787 86.485222 -0.012573 0.052587 0.998537 6.405462 0.000000 0.000000 0.000000 1.000000
0.990894 0.124500 0.051278 23.588358 -0.121461 0.990862 -0.058640 86.299652 -0.058110 0.051878 0.996961 6.988021 0.000000 0.000000 0.000000 1.000000
0.988443 0.115429 0.098273 22.713923 -0.109567 0.991974 -0.063103 86.111725 -0.104768 0.051606 0.993157 7.508245 0.000000 0.000000 0.000000 1.000000
0.983515 0.106471 0.146156 21.697439 -0.097522 0.992969 -0.067103 85.993736 -0.152273 0.051744 0.986983 7.888986 0.000000 0.000000 0.000000 1.000000
0.976151 0.095669 0.194878 20.597996 -0.083386 0.994034 -0.070303 85.877281 -0.200441 0.052376 0.978305 8.144885 0.000000 0.000000 0.000000 1.000000
0.965574 0.079705 0.247615 19.416798 -0.063540 0.995334 -0.072615 85.711716 -0.252248 0.054381 0.966133 8.307534 0.000000 0.000000 0.000000 1.000000
0.950355 0.057749 0.305763 18.144396 -0.036870 0.996604 -0.073630 85.477211 -0.308976 0.058702 0.949256 8.376204 0.000000 0.000000 0.000000 1.000000
0.929827 0.030566 0.366724 16.733109 -0.004132 0.997349 -0.072653 85.160263 -0.367973 0.066039 0.927488 8.417760 0.000000 0.000000 0.000000 1.000000
0.903618 0.001519 0.428336 15.248576 0.031152 0.997113 -0.069254 84.796829 -0.427204 0.075923 0.900962 8.423694 0.000000 0.000000 0.000000 1.000000
0.872554 -0.026209 0.487814 13.742728 0.065491 0.995822 -0.063640 84.431297 -0.484108 0.087477 0.870625 8.405161 0.000000 0.000000 0.000000 1.000000
0.838223 -0.050768 0.542960 12.244521 0.096699 0.993716 -0.056369 84.086159 -0.536686 0.099754 0.837865 8.383661 0.000000 0.000000 0.000000 1.000000
0.828454 -0.013432 0.559896 10.488049 0.084241 0.991327 -0.100866 83.191322 -0.553685 0.130729 0.822400 8.446226 0.000000 0.000000 0.000000 1.000000
0.825761 0.011351 0.563906 9.019103 0.076454 0.988317 -0.131850 82.861481 -0.558815 0.151990 0.815245 8.441864 0.000000 0.000000 0.000000 1.000000
0.826413 0.024459 0.562533 7.920780 0.075321 0.985275 -0.153494 83.089783 -0.558004 0.169220 0.812402 8.284134 0.000000 0.000000 0.000000 1.000000
0.826883 0.031615 0.561484 7.181521 0.080236 0.981573 -0.173429 83.692581 -0.556620 0.188456 0.809109 7.922306 0.000000 0.000000 0.000000 1.000000
0.827445 0.037260 0.560310 6.697358 0.087379 0.977100 -0.194013 84.398842 -0.554707 0.209494 0.805240 7.395920 0.000000 0.000000 0.000000 1.000000
0.830050 0.041037 0.556178 6.368605 0.092547 0.973326 -0.209934 85.005974 -0.549957 0.225728 0.804111 6.785588 0.000000 0.000000 0.000000 1.000000
0.834652 0.041739 0.549194 6.141925 0.093483 0.971921 -0.215939 85.419762 -0.542787 0.231574 0.807314 6.139478 0.000000 0.000000 0.000000 1.000000
0.839916 0.040089 0.541233 5.995384 0.090420 0.972993 -0.212388 85.641029 -0.535131 0.227326 0.813608 5.459800 0.000000 0.000000 0.000000 1.000000
0.845541 0.037385 0.532600 5.896602 0.084903 0.975437 -0.203260 85.725853 -0.527117 0.217084 0.821597 4.738061 0.000000 0.000000 0.000000 1.000000
0.851916 0.034425 0.522545 5.807517 0.078483 0.978174 -0.192395 85.718803 -0.517763 0.204916 0.830621 3.991954 0.000000 0.000000 0.000000 1.000000
0.858765 0.032732 0.511323 5.686626 0.071651 0.980479 -0.183102 85.633636 -0.507335 0.193879 0.839656 3.247721 0.000000 0.000000 0.000000 1.000000
0.865437 0.034733 0.499813 5.492681 0.063816 0.981827 -0.178728 85.492256 -0.496937 0.186574 0.847492 2.526253 0.000000 0.000000 0.000000 1.000000
0.871618 0.041232 0.488448 5.180384 0.054732 0.982039 -0.180566 85.338608 -0.487120 0.184119 0.853706 1.855156 0.000000 0.000000 0.000000 1.000000
0.877170 0.050397 0.477527 4.720942 0.044821 0.981542 -0.185922 85.209435 -0.478083 0.184488 0.858720 1.259481 0.000000 0.000000 0.000000 1.000000
0.881657 0.059318 0.468148 4.111888 0.035101 0.981076 -0.190414 85.092575 -0.470584 0.184313 0.862890 0.742037 0.000000 0.000000 0.000000 1.000000
0.884602 0.067049 0.461501 3.374876 0.026285 0.980868 -0.192890 84.959534 -0.465605 0.182761 0.865916 0.278138 0.000000 0.000000 0.000000 1.000000
0.885439 0.075373 0.458604 2.546446 0.018365 0.980317 -0.196576 84.785423 -0.464393 0.182478 0.866626 -0.151618 0.000000 0.000000 0.000000 1.000000
0.883060 0.086273 0.461262 1.659695 0.011313 0.978755 -0.204721 84.580666 -0.469125 0.185999 0.863323 -0.529862 0.000000 0.000000 0.000000 1.000000
0.876042 0.098604 0.472047 0.735467 0.006264 0.976463 -0.215594 84.365883 -0.482195 0.191827 0.854805 -0.824106 0.000000 0.000000 0.000000 1.000000
0.864234 0.107966 0.491368 -0.203431 0.005059 0.974786 -0.223083 84.141022 -0.503064 0.195282 0.841898 -1.039883 0.000000 0.000000 0.000000 1.000000
0.849840 0.110428 0.515342 -1.129409 0.008585 0.974773 -0.223033 83.909126 -0.526971 0.193966 0.827453 -1.222534 0.000000 0.000000 0.000000 1.000000
0.835894 0.107890 0.538183 -1.991364 0.014543 0.975794 -0.218207 83.698280 -0.548699 0.190224 0.814091 -1.419673 0.000000 0.000000 0.000000 1.000000
0.824138 0.105085 0.556555 -2.757028 0.021071 0.976269 -0.215535 83.577866 -0.565997 0.189357 0.802366 -1.629431 0.000000 0.000000 0.000000 1.000000
0.814897 0.104842 0.570044 -3.427578 0.027216 0.975498 -0.218319 83.587990 -0.578966 0.193422 0.792077 -1.828711 0.000000 0.000000 0.000000 1.000000
0.808428 0.106172 0.578941 -4.016520 0.032165 0.974158 -0.223565 83.718895 -0.587716 0.199358 0.784121 -1.988014 0.000000 0.000000 0.000000 1.000000
0.804509 0.107043 0.584215 -4.530100 0.035140 0.973324 -0.226727 83.958923 -0.592900 0.202933 0.779287 -2.072720 0.000000 0.000000 0.000000 1.000000
0.801028 0.107092 0.588970 -4.949072 0.036158 0.973416 -0.226172 84.313316 -0.597534 0.202466 0.775861 -2.074473 0.000000 0.000000 0.000000 1.000000
0.795067 0.105678 0.597244 -5.254424 0.037493 0.974257 -0.222299 84.789108 -0.605361 0.199135 0.770638 -2.039376 0.000000 0.000000 0.000000 1.000000
0.786171 0.100216 0.609829 -5.443912 0.042204 0.975755 -0.214758 85.383591 -0.616566 0.194574 0.762881 -2.035039 0.000000 0.000000 0.000000 1.000000
0.777840 0.089330 0.622082 -5.520259 0.050005 0.977911 -0.202951 86.049507 -0.626470 0.188970 0.756191 -2.107457 0.000000 0.000000 0.000000 1.000000
0.775197 0.074876 0.627267 -5.503578 0.057943 0.980337 -0.188630 86.745705 -0.629057 0.182571 0.755616 -2.238441 0.000000 0.000000 0.000000 1.000000
0.780645 0.060807 0.622009 -5.422803 0.063151 0.982487 -0.175304 87.441887 -0.621776 0.176131 0.763134 -2.385023 0.000000 0.000000 0.000000 1.000000
0.791845 0.049693 0.608697 -5.294166 0.064683 0.984254 -0.164498 88.106667 -0.607287 0.169629 0.776163 -2.539006 0.000000 0.000000 0.000000 1.000000
0.804346 0.040871 0.592754 -5.115035 0.063624 0.985970 -0.154319 88.704567 -0.590745 0.161839 0.790461 -2.723525 0.000000 0.000000 0.000000 1.000000
0.815569 0.032642 0.577739 -4.878308 0.061388 0.987893 -0.142474 89.205368 -0.575395 0.151663 0.803691 -2.953336 0.000000 0.000000 0.000000 1.000000
0.825621 0.024702 0.563685 -4.602257 0.058905 0.989808 -0.129652 89.622910 -0.561142 0.140248 0.815751 -3.196185 0.000000 0.000000 0.000000 1.000000
0.835130 0.018470 0.549743 -4.325758 0.056238 0.991332 -0.118739 90.000488 -0.547171 0.130079 0.826852 -3.395040 0.000000 0.000000 0.000000 1.000000
0.843644 0.015091 0.536691 -4.080145 0.052925 0.992399 -0.111099 90.360603 -0.534289 0.122132 0.836432 -3.511633 0.000000 0.000000 0.000000 1.000000
0.850297 0.014807 0.526095 -3.853709 0.047665 0.993330 -0.104995 90.673058 -0.524141 0.114353 0.843919 -3.553752 0.000000 0.000000 0.000000 1.000000
0.855405 0.015718 0.517722 -3.624277 0.040944 0.994360 -0.097838 90.909019 -0.516339 0.104889 0.849936 -3.545596 0.000000 0.000000 0.000000 1.000000
0.860517 0.015788 0.509177 -3.371496 0.034359 0.995445 -0.088932 91.067368 -0.508262 0.094023 0.856055 -3.518517 0.000000 0.000000 0.000000 1.000000
0.867044 0.014579 0.498017 -3.083722 0.029083 0.996386 -0.079802 91.171387 -0.497381 0.083676 0.863487 -3.502078 0.000000 0.000000 0.000000 1.000000
0.875195 0.013431 0.483583 -2.755631 0.024882 0.997042 -0.072723 91.237991 -0.483130 0.075680 0.872272 -3.514569 0.000000 0.000000 0.000000 1.000000
0.884149 0.013964 0.466996 -2.387859 0.020748 0.997394 -0.069104 91.262299 -0.466744 0.070787 0.881555 -3.559603 0.000000 0.000000 0.000000 1.000000
0.892813 0.015964 0.450145 -1.997240 0.016775 0.997500 -0.068646 91.248505 -0.450116 0.068839 0.890313 -3.614068 0.000000 0.000000 0.000000 1.000000
0.900309 0.017382 0.434905 -1.617397 0.014433 0.997460 -0.069745 91.226242 -0.435013 0.069069 0.897771 -3.634875 0.000000 0.000000 0.000000 1.000000
0.906196 0.015644 0.422568 -1.302971 0.015815 0.997362 -0.070839 91.228462 -0.422562 0.070877 0.903558 -3.570382 0.000000 0.000000 0.000000 1.000000
0.910284 0.012951 0.413781 -1.063828 0.018386 0.997260 -0.071660 91.220383 -0.413575 0.072839 0.907552 -3.421613 0.000000 0.000000 0.000000 1.000000
0.912943 0.013820 0.407853 -0.858528 0.017471 0.997186 -0.072896 91.134598 -0.407712 0.073676 0.910133 -3.218906 0.000000 0.000000 0.000000 1.000000
0.915230 0.019075 0.402481 -0.632056 0.012051 0.997136 -0.074661 90.966560 -0.402753 0.073182 0.912379 -2.961301 0.000000 0.000000 0.000000 1.000000
0.918633 0.025564 0.394284 -0.335166 0.004801 0.997109 -0.075834 90.784943 -0.395083 0.071557 0.915854 -2.610279 0.000000 0.000000 0.000000 1.000000</float_array>
        <technique_common>
          <accessor source="#mixamorig_Hips-Matrix-animation-output-transform-array" count="122" stride="16">
            <param type="float4x4"/>
          </accessor>
        </technique_common>
      </source>
      <source id="mixamorig_Hips-Interpolations">
        <Name_array id="mixamorig_Hips-Interpolations-array" count="122">
 LINEAR LINEAR LINEAR LINEAR LINEAR LINEAR LINEAR LINEAR LINEAR LINEAR LINEAR
LINEAR LINEAR LINEAR LINEAR LINEAR LINEAR LINEAR LINEAR LINEAR LINEAR LINEAR LINEAR
LINEAR LINEAR LINEAR LINEAR LINEAR LINEAR LINEAR LINEAR LINEAR LINEAR LINEAR LINEAR
LINEAR LINEAR LINEAR LINEAR LINEAR LINEAR LINEAR LINEAR LINEAR LINEAR LINEAR LINEAR
LINEAR LINEAR LINEAR LINEAR LINEAR LINEAR LINEAR LINEAR LINEAR LINEAR LINEAR LINEAR
LINEAR LINEAR LINEAR LINEAR LINEAR LINEAR LINEAR LINEAR LINEAR LINEAR LINEAR LINEAR
LINEAR LINEAR LINEAR LINEAR LINEAR LINEAR LINEAR LINEAR LINEAR LINEAR LINEAR LINEAR
LINEAR LINEAR LINEAR LINEAR LINEAR LINEAR LINEAR LINEAR LINEAR LINEAR LINEAR LINEAR
LINEAR LINEAR LINEAR LINEAR LINEAR LINEAR LINEAR LINEAR LINEAR LINEAR LINEAR LINEAR
LINEAR LINEAR LINEAR LINEAR LINEAR LINEAR LINEAR LINEAR LINEAR LINEAR LINEAR LINEAR
LINEAR LINEAR LINEAR</Name_array>
        <technique_common>
          <accessor source="#mixamorig_Hips-Interpolations-array" count="122">
            <param type="name"/>
          </accessor>
        </technique_common>
      </source>
      <sampler id="mixamorig_Hips-Matrix-animation-transform">
        <input semantic="INPUT" source="#mixamorig_Hips-Matrix-animation-input"/>
        <input semantic="OUTPUT" source="#mixamorig_Hips-Matrix-animation-output-transform"/>
        <input semantic="INTERPOLATION" source="#mixamorig_Hips-Interpolations"/>
      </sampler>
      <channel source="#mixamorig_Hips-Matrix-animation-transform" target="mixamorig_Hips/matrix"/>
    </animation>
    <animation id="mixamorig_Spine-anim" name="mixamorig_Spine">
      <source id="mixamorig_Spine-Matrix-animation-input">
        <float_array id="mixamorig_Spine-Matrix-animation-input-array" count="122">

0.000000 0.033333 0.066667 0.100000 0.133333 0.166667 0.200000 0.233333 0.266667 0.300000 0.333333 0.366667 0.400000 0.433333 0.466667 0.500000
0.533333 0.566667 0.600000 0.633333 0.666667 0.700000 0.733333 0.766667 0.800000 0.833333 0.866667 0.900000 0.933333 0.966667 1.000000 1.033333
1.066667 1.100000 1.133333 1.166667 1.200000 1.233333 1.266667 1.300000 1.333333 1.366667 1.400000 1.433333 1.466667 1.500000 1.533333 1.566667
1.600000 1.633333 1.666667 1.700000 1.733333 1.766667 1.800000 1.833333 1.866667 1.900000 1.933333 1.966667 2.000000 2.033333 2.066667 2.100000
2.133333 2.166667 2.200000 2.233333 2.266667 2.300000 2.333333 2.366667 2.400000 2.433333 2.466667 2.500000 2.533333 2.566667 2.600000 2.633333
2.666667 2.700000 2.733333 2.766667 2.800000 2.833333 2.866667 2.900000 2.933333 2.966667 3.000000 3.033333 3.066667 3.100000 3.133333 3.166667
3.200000 3.233333 3.266667 3.300000 3.333333 3.366667 3.400000 3.433333 3.466667 3.500000 3.533333 3.566667 3.600000 3.633333 3.666667 3.700000
3.733333 3.766667 3.800000 3.833333 3.866667 3.900000 3.933333 3.966667 4.000000 4.033333</float_array>
        <technique_common>
          <accessor source="#mixamorig_Spine-Matrix-animation-input-array" count="122">
            <param name="TIME" type="float"/>
          </accessor>
        </technique_common>
      </source>
      <source id="mixamorig_Spine-Matrix-animation-output-transform">
        <float_array id="mixamorig_Spine-Matrix-animation-output-transform-array" count="1952">

0.996504 -0.067346 -0.049438 0.000000 0.072060 0.992299 0.100748 7.463500 0.042273 -0.103958 0.993683 -1.336300 0.000000 0.000000 0.000000 1.000000
0.996985 -0.061242 -0.047643 -0.000000 0.065795 0.992733 0.100757 7.463500 0.041127 -0.103588 0.993770 -1.336300 0.000000 0.000000 0.000000 1.000000
0.997464 -0.055262 -0.044857 -0.000000 0.059541 0.993159 0.100445 7.463500 0.039000 -0.102861 0.993931 -1.336300 0.000000 0.000000 0.000000 1.000000
0.997920 -0.049961 -0.040743 0.000000 0.053814 0.993558 0.099733 7.463500 0.035497 -0.101718 0.994180 -1.336300 0.000000 0.000000 0.000000 1.000000
0.998385 -0.044863 -0.034847 0.000000 0.048086 0.994028 0.097958 7.463500 0.030245 -0.099476 0.994580 -1.336300 0.000000 0.000000 0.000000 1.000000
0.998930 -0.037786 -0.026682 0.000000 0.040134 0.994783 0.093786 7.463500 0.022999 -0.094756 0.995235 -1.336300 0.000000 0.000000 0.000000 1.000000
0.999507 -0.027179 -0.015709 -0.000000 0.028431 0.995893 0.085952 7.463500 0.013309 -0.086357 0.996175 -1.336300 0.000000 0.000000 0.000000 1.000000
0.999924 -0.012179 -0.001989 0.000000 0.012294 0.997135 0.074637 7.463500 0.001074 -0.074656 0.997209 -1.336300 0.000000 0.000000 0.000000 1.000000
0.999890 0.007362 0.012884 0.000000 -0.008145 0.998053 0.061842 7.463500 -0.012403 -0.061940 0.998003 -1.336300 0.000000 0.000000 0.000000 1.000000
0.999212 0.030309 0.025644 0.000000 -0.031567 0.998243 0.050148 7.463500 -0.024079 -0.050918 0.998413 -1.336300 0.000000 0.000000 0.000000 1.000000
0.998057 0.053010 0.032754 -0.000000 -0.054332 0.997685 0.040887 7.463500 -0.030511 -0.042587 0.998627 -1.336300 0.000000 0.000000 0.000000 1.000000
0.997122 0.068018 0.033489 0.000000 -0.069137 0.997045 0.033476 7.463500 -0.031114 -0.035695 0.998878 -1.336300 0.000000 0.000000 0.000000 1.000000
0.996862 0.073337 0.029790 0.000000 -0.074131 0.996897 0.026480 7.463500 -0.027756 -0.028606 0.999205 -1.336300 0.000000 0.000000 0.000000 1.000000
0.997071 0.072000 0.025812 0.000000 -0.072515 0.997175 0.019595 7.463500 -0.024328 -0.021409 0.999475 -1.336300 0.000000 0.000000 0.000000 1.000000
0.997102 0.072157 0.024090 0.000000 -0.072518 0.997262 0.014451 7.463500 -0.022981 -0.016156 0.999605 -1.336300 0.000000 0.000000 0.000000 1.000000
0.996653 0.077967 0.024574 -0.000000 -0.078297 0.996848 0.012768 7.463500 -0.023502 -0.014649 0.999616 -1.336300 0.000000 0.000000 0.000000 1.000000
0.995943 0.086095 0.026185 -0.000000 -0.086482 0.996155 0.014027 7.463500 -0.024876 -0.016235 0.999559 -1.336300 0.000000 0.000000 0.000000 1.000000
0.995437 0.091118 0.028346 0.000000 -0.091590 0.995671 0.015817 7.463500 -0.026782 -0.018341 0.999473 -1.336300 0.000000 0.000000 0.000000 1.000000
0.995295 0.091749 0.031133 0.000000 -0.092287 0.995599 0.016310 7.463500 -0.029500 -0.019107 0.999382 -1.336300 0.000000 0.000000 0.000000 1.000000
0.995272 0.090772 0.034556 0.000000 -0.091356 0.995694 0.015713 7.463500 -0.032981 -0.018795 0.999279 -1.336300 0.000000 0.000000 0.000000 1.000000
0.995133 0.090836 0.038186 0.000000 -0.091473 0.995691 0.015269 7.463500 -0.036634 -0.018688 0.999154 -1.336300 0.000000 0.000000 0.000000 1.000000
0.994875 0.092162 0.041582 0.000000 -0.092877 0.995555 0.015614 7.463500 -0.039958 -0.019396 0.999013 -1.336300 0.000000 0.000000 0.000000 1.000000
0.994593 0.093722 0.044732 0.000000 -0.094538 0.995384 0.016502 7.463500 -0.042979 -0.020642 0.998863 -1.336300 0.000000 0.000000 0.000000 1.000000
0.994337 0.094988 0.047664 0.000000 -0.095920 0.995233 0.017647 7.463500 -0.045760 -0.022119 0.998708 -1.336300 0.000000 0.000000 0.000000 1.000000
0.994091 0.096297 0.050091 0.000000 -0.097358 0.995064 0.019190 7.463500 -0.047996 -0.023954 0.998560 -1.336300 0.000000 0.000000 0.000000 1.000000
0.993833 0.098144 0.051605 0.000000 -0.099350 0.994824 0.021339 7.463500 -0.049244 -0.026334 0.998440 -1.336300 0.000000 0.000000 0.000000 1.000000
0.993539 0.100761 0.052226 0.000000 -0.102114 0.994485 0.023906 7.463500 -0.049530 -0.029085 0.998349 -1.336300 0.000000 0.000000 0.000000 1.000000
0.993159 0.104251 0.052594 -0.000000 -0.105741 0.994043 0.026390 7.463500 -0.049529 -0.031771 0.998267 -1.336300 0.000000 0.000000 0.000000 1.000000
0.992644 0.108596 0.053532 0.000000 -0.110221 0.993501 0.028398 7.463500 -0.050100 -0.034090 0.998162 -1.336300 0.000000 0.000000 0.000000 1.000000
0.992016 0.113284 0.055414 0.000000 -0.115056 0.992908 0.029913 7.463500 -0.051632 -0.036050 0.998015 -1.336300 0.000000 0.000000 0.000000 1.000000
0.991449 0.116939 0.057915 0.000000 -0.118877 0.992418 0.031209 7.463500 -0.053827 -0.037826 0.997834 -1.336300 0.000000 0.000000 0.000000 1.000000
0.991229 0.117576 0.060343 0.000000 -0.119684 0.992278 0.032570 7.463500 -0.056047 -0.039506 0.997646 -1.336300 0.000000 0.000000 0.000000 1.000000
0.991561 0.113774 0.062147 0.000000 -0.116031 0.992664 0.033990 7.463500 -0.057824 -0.040914 0.997488 -1.336300 0.000000 0.000000 0.000000 1.000000
0.992359 0.106003 0.063136 0.000000 -0.108356 0.993493 0.035083 7.463500 -0.059007 -0.041656 0.997388 -1.336300 0.000000 0.000000 0.000000 1.000000
0.993307 0.096621 0.063293 0.000000 -0.098987 0.994460 0.035375 7.463500 -0.059524 -0.041403 0.997368 -1.336300 0.000000 0.000000 0.000000 1.000000
0.994106 0.088419 0.062727 0.000000 -0.090714 0.995271 0.034736 7.463500 -0.059359 -0.040222 0.997426 -1.336300 0.000000 0.000000 0.000000 1.000000
0.994603 0.083239 0.061933 0.000000 -0.085423 0.995781 0.033498 7.463500 -0.058884 -0.038608 0.997518 -1.336300 0.000000 0.000000 0.000000 1.000000
0.994828 0.080873 0.061452 0.000000 -0.082958 0.996034 0.032172 7.463500 -0.058607 -0.037104 0.997591 -1.336300 0.000000 0.000000 0.000000 1.000000
0.994910 0.079814 0.061507 0.000000 -0.081836 0.996161 0.031084 7.463500 -0.058790 -0.035959 0.997622 -1.336300 0.000000 0.000000 0.000000 1.000000
0.994986 0.078635 0.061798 0.000000 -0.080621 0.996284 0.030322 7.463500 -0.059184 -0.035152 0.997628 -1.336300 0.000000 0.000000 0.000000 1.000000
0.995095 0.077077 0.062002 0.000000 -0.079045 0.996422 0.029929 7.463500 -0.059474 -0.034683 0.997627 -1.336300 0.000000 0.000000 0.000000 1.000000
0.995193 0.075631 0.062221 0.000000 -0.077614 0.996529 0.030092 7.463500 -0.059730 -0.034777 0.997609 -1.336300 0.000000 0.000000 0.000000 1.000000
0.995219 0.074832 0.062766 0.000000 -0.076894 0.996554 0.031113 7.463500 -0.060221 -0.035791 0.997543 -1.336300 0.000000 0.000000 0.000000 1.000000
0.995185 0.074595 0.063573 0.000000 -0.076814 0.996493 0.033200 7.463500 -0.060873 -0.037923 0.997425 -1.336300 0.000000 0.000000 0.000000 1.000000
0.995151 0.074608 0.064090 -0.000000 -0.077035 0.996368 0.036272 7.463500 -0.061151 -0.041034 0.997285 -1.336300 0.000000 0.000000 0.000000 1.000000
0.995156 0.074640 0.063972 0.000000 -0.077287 0.996208 0.039951 7.463500 -0.060747 -0.044702 0.997152 -1.336300 0.000000 0.000000 0.000000 1.000000
0.995204 0.074426 0.063473 0.000000 -0.077275 0.996053 0.043679 7.463500 -0.059972 -0.048374 0.997027 -1.336300 0.000000 0.000000 0.000000 1.000000
0.995303 0.073492 0.063020 0.000000 -0.076511 0.995965 0.046898 7.463500 -0.059319 -0.051499 0.996910 -1.336300 0.000000 0.000000 0.000000 1.000000
0.995479 0.071406 0.062626 0.000000 -0.074546 0.995996 0.049334 7.463500 -0.058852 -0.053780 0.996817 -1.336300 0.000000 0.000000 0.000000 1.000000
0.995747 0.068146 0.061995 0.000000 -0.071362 0.996134 0.051232 7.463500 -0.058264 -0.055438 0.996761 -1.336300 0.000000 0.000000 0.000000 1.000000
0.996069 0.064184 0.061055 -0.000000 -0.067457 0.996306 0.053134 7.463500 -0.057419 -0.057044 0.996719 -1.336300 0.000000 0.000000 0.000000 1.000000
0.996392 0.060046 0.059986 0.000000 -0.063378 0.996458 0.055271 7.463500 -0.056455 -0.058873 0.996668 -1.336300 0.000000 0.000000 0.000000 1.000000
0.996677 0.056232 0.058927 0.000000 -0.059611 0.996579 0.057240 7.463500 -0.055506 -0.060562 0.996620 -1.336300 0.000000 0.000000 0.000000 1.000000
0.996932 0.052860 0.057735 0.000000 -0.056234 0.996704 0.058469 7.463500 -0.054454 -0.061536 0.996618 -1.336300 0.000000 0.000000 0.000000 1.000000
0.997175 0.049755 0.056263 0.000000 -0.053059 0.996857 0.058832 7.463500 -0.053159 -0.061651 0.996681 -1.336300 0.000000 0.000000 0.000000 1.000000
0.997414 0.046779 0.054555 0.000000 -0.049969 0.997027 0.058656 7.463500 -0.051649 -0.061230 0.996786 -1.336300 0.000000 0.000000 0.000000 1.000000
0.997644 0.043891 0.052732 0.000000 -0.046952 0.997196 0.058276 7.463500 -0.050026 -0.060615 0.996907 -1.336300 0.000000 0.000000 0.000000 1.000000
0.997857 0.041139 0.050881 -0.000000 -0.044066 0.997355 0.057804 7.463500 -0.048369 -0.059923 0.997030 -1.336300 0.000000 0.000000 0.000000 1.000000
0.998073 0.038161 0.048919 -0.000000 -0.040946 0.997520 0.057241 7.463500 -0.046613 -0.059133 0.997161 -1.336300 0.000000 0.000000 0.000000 1.000000
0.998317 0.034393 0.046691 0.000000 -0.037019 0.997710 0.056600 7.463500 -0.044637 -0.058233 0.997305 -1.336300 0.000000 0.000000 0.000000 1.000000
0.998589 0.029543 0.044131 0.000000 -0.031994 0.997924 0.055897 7.463500 -0.042388 -0.057230 0.997461 -1.336300 0.000000 0.000000 0.000000 1.000000
0.998875 0.023380 0.041256 0.000000 -0.025639 0.998152 0.055093 7.463500 -0.039891 -0.056089 0.997629 -1.336300 0.000000 0.000000 0.000000 1.000000
0.999158 0.015317 0.038063 0.000000 -0.017366 0.998384 0.054102 7.463500 -0.037173 -0.054718 0.997810 -1.336300 0.000000 0.000000 0.000000 1.000000
0.999386 0.005966 0.034514 0.000000 -0.007787 0.998571 0.052871 7.463500 -0.034149 -0.053107 0.998005 -1.336300 0.000000 0.000000 0.000000 1.000000
0.999517 -0.004463 0.030770 0.000000 0.002874 0.998670 0.051473 7.463500 -0.030959 -0.051360 0.998200 -1.336300 0.000000 0.000000 0.000000 1.000000
0.999527 -0.014638 0.027059 0.000000 0.013271 0.998660 0.050028 7.463500 -0.027755 -0.049646 0.998381 -1.336300 0.000000 0.000000 0.000000 1.000000
0.999464 -0.022712 0.023556 0.000000 0.021546 0.998584 0.048641 7.463500 -0.024628 -0.048108 0.998538 -1.336300 0.000000 0.000000 0.000000 1.000000
0.999404 -0.028034 0.020163 0.000000 0.027051 0.998506 0.047469 7.463500 -0.021464 -0.046895 0.998669 -1.336300 0.000000 0.000000 0.000000 1.000000
0.999379 -0.031014 0.016716 -0.000000 0.030204 0.998453 0.046688 7.463500 -0.018138 -0.046154 0.998770 -1.336300 0.000000 0.000000 0.000000 1.000000
0.999291 -0.035124 0.013550 0.000000 0.034465 0.998340 0.046144 7.463500 -0.015149 -0.045645 0.998843 -1.336300 0.000000 0.000000 0.000000 1.000000
0.998938 -0.044661 0.011288 0.000000 0.044109 0.998008 0.045112 7.463500 -0.013280 -0.044566 0.998918 -1.336300 0.000000 0.000000 0.000000 1.000000
0.998169 -0.059699 0.009754 0.000000 0.059228 0.997321 0.042935 7.463500 -0.012291 -0.042279 0.999030 -1.336300 0.000000 0.000000 0.000000 1.000000
0.997276 -0.073404 0.007232 0.000000 0.073057 0.996518 0.040184 7.463500 -0.010157 -0.039546 0.999166 -1.336300 0.000000 0.000000 0.000000 1.000000
0.996770 -0.080266 0.002795 0.000000 0.080099 0.996045 0.038456 7.463500 -0.005870 -0.038108 0.999256 -1.336300 0.000000 0.000000 0.000000 1.000000
0.996747 -0.080552 -0.002684 0.000000 0.080596 0.995998 0.038619 7.463500 -0.000438 -0.038709 0.999250 -1.336300 0.000000 0.000000 0.000000 1.000000
0.996912 -0.078167 -0.007472 0.000000 0.078403 0.996134 0.039633 7.463500 0.004345 -0.040097 0.999186 -1.336300 0.000000 0.000000 0.000000 1.000000
0.997019 -0.076419 -0.010632 -0.000000 0.076784 0.996257 0.039701 7.463500 0.007558 -0.040399 0.999155 -1.336300 0.000000 0.000000 0.000000 1.000000
0.997005 -0.076348 -0.012334 0.000000 0.076768 0.996317 0.038190 7.463500 0.009373 -0.039022 0.999194 -1.336300 0.000000 0.000000 0.000000 1.000000
0.996910 -0.077466 -0.013004 0.000000 0.077888 0.996318 0.035829 7.463500 0.010181 -0.036732 0.999273 -1.336300 0.000000 0.000000 0.000000 1.000000
0.996818 -0.078691 -0.012711 -0.000000 0.079078 0.996306 0.033472 7.463500 0.010031 -0.034370 0.999359 -1.336300 0.000000 0.000000 0.000000 1.000000
0.996764 -0.079584 -0.011308 -0.000000 0.079904 0.996308 0.031387 7.463500 0.008768 -0.032189 0.999443 -1.336300 0.000000 0.000000 0.000000 1.000000
0.996719 -0.080443 -0.008933 0.000000 0.080675 0.996298 0.029709 7.463500 0.006510 -0.030332 0.999519 -1.336300 0.000000 0.000000 0.000000 1.000000
0.996652 -0.081536 -0.006127 0.000000 0.081680 0.996243 0.028782 7.463500 0.003757 -0.029186 0.999567 -1.336300 0.000000 0.000000 0.000000 1.000000
0.996578 -0.082592 -0.003423 0.000000 0.082657 0.996165 0.028704 7.463500 0.001039 -0.028889 0.999582 -1.336300 0.000000 0.000000 0.000000 1.000000
0.996536 -0.083151 -0.001037 -0.000000 0.083146 0.996118 0.028894 7.463500 -0.001369 -0.028880 0.999582 -1.336300 0.000000 0.000000 0.000000 1.000000
0.996530 -0.083223 0.001079 -0.000000 0.083158 0.996126 0.028599 7.463500 -0.003455 -0.028410 0.999590 -1.336300 0.000000 0.000000 0.000000 1.000000
0.996516 -0.083353 0.002992 0.000000 0.083238 0.996140 0.027854 7.463500 -0.005302 -0.027508 0.999608 -1.336300 0.000000 0.000000 0.000000 1.000000
0.996445 -0.084116 0.004653 0.000000 0.083957 0.996086 0.027625 7.463500 -0.006959 -0.027137 0.999608 -1.336300 0.000000 0.000000 0.000000 1.000000
0.996284 -0.085922 0.005958 -0.000000 0.085717 0.995903 0.028813 7.463500 -0.008409 -0.028196 0.999567 -1.336300 0.000000 0.000000 0.000000 1.000000
0.995978 -0.089339 0.006823 0.000000 0.089086 0.995535 0.031210 7.463500 -0.009581 -0.030477 0.999490 -1.336300 0.000000 0.000000 0.000000 1.000000
0.995444 -0.095081 0.007202 0.000000 0.094787 0.994927 0.033687 7.463500 -0.010368 -0.032851 0.999406 -1.336300 0.000000 0.000000 0.000000 1.000000
0.994601 -0.103528 0.007139 0.000000 0.103214 0.994027 0.035457 7.463500 -0.010767 -0.034529 0.999346 -1.336300 0.000000 0.000000 0.000000 1.000000
0.993556 -0.113141 0.006687 -0.000000 0.112821 0.992928 0.036939 7.463500 -0.010820 -0.035946 0.999295 -1.336300 0.000000 0.000000 0.000000 1.000000
0.992613 -0.121179 0.005988 0.000000 0.120856 0.991898 0.039135 7.463500 -0.010682 -0.038123 0.999216 -1.336300 0.000000 0.000000 0.000000 1.000000
0.992132 -0.125088 0.005164 0.000000 0.124760 0.991279 0.042433 7.463500 -0.010427 -0.041455 0.999086 -1.336300 0.000000 0.000000 0.000000 1.000000
0.992228 -0.124360 0.004169 -0.000000 0.124036 0.991195 0.046337 7.463500 -0.009895 -0.045460 0.998917 -1.336300 0.000000 0.000000 0.000000 1.000000
0.992665 -0.120871 0.002637 -0.000000 0.120587 0.991428 0.050290 7.463500 -0.008693 -0.049603 0.998731 -1.336300 0.000000 0.000000 0.000000 1.000000
0.993108 -0.117206 -0.000103 0.000000 0.117039 0.991645 0.054238 7.463500 -0.006255 -0.053876 0.998528 -1.336300 0.000000 0.000000 0.000000 1.000000
0.993348 -0.115061 -0.004478 0.000000 0.115126 0.991646 0.058178 7.463500 -0.002253 -0.058306 0.998296 -1.336300 0.000000 0.000000 0.000000 1.000000
0.993389 -0.114352 -0.010081 0.000000 0.114757 0.991480 0.061626 7.463500 0.002948 -0.062375 0.998048 -1.336300 0.000000 0.000000 0.000000 1.000000
0.993384 -0.113775 -0.015580 0.000000 0.114546 0.991356 0.063970 7.463500 0.008167 -0.065332 0.997830 -1.336300 0.000000 0.000000 0.000000 1.000000
0.993517 -0.111996 -0.019510 0.000000 0.113043 0.991448 0.065201 7.463500 0.012041 -0.066984 0.997681 -1.336300 0.000000 0.000000 0.000000 1.000000
0.993838 -0.108771 -0.021317 -0.000000 0.109956 0.991747 0.065930 7.463500 0.013969 -0.067868 0.997597 -1.336300 0.000000 0.000000 0.000000 1.000000
0.994206 -0.105280 -0.021680 -0.000000 0.106509 0.992068 0.066762 7.463500 0.014479 -0.068684 0.997533 -1.336300 0.000000 0.000000 0.000000 1.000000
0.994411 -0.103312 -0.021768 0.000000 0.104569 0.992198 0.067893 7.463500 0.014584 -0.069790 0.997455 -1.336300 0.000000 0.000000 0.000000 1.000000
0.994363 -0.103650 -0.022335 0.000000 0.104966 0.992058 0.069299 7.463500 0.014975 -0.071252 0.997346 -1.336300 0.000000 0.000000 0.000000 1.000000
0.994185 -0.105075 -0.023585 -0.000000 0.106505 0.991772 0.071022 7.463500 0.015929 -0.073121 0.997196 -1.336300 0.000000 0.000000 0.000000 1.000000
0.994102 -0.105364 -0.025699 0.000000 0.106986 0.991566 0.073149 7.463500 0.017775 -0.075467 0.996990 -1.336300 0.000000 0.000000 0.000000 1.000000
